tree
version=v4
num_class=1
num_tree_per_iteration=1
label_index=0
max_feature_idx=12
objective=binary sigmoid:1
feature_names=alcohol malic_acid ash alcalinity_of_ash magnesium total_phenols flavanoids nonflavanoid_phenols proanthocyanins color_intensity hue od280/od315_of_diluted_wines proline
feature_infos=[11.029999999999999:14.75] [0.73999999999999999:5.7999999999999998] [1.3600000000000001:3.23] [10.6:28.5] [70:162] [1.1000000000000001:3.8799999999999999] [0.46999999999999997:5.0800000000000001] [0.13:0.66000000000000003] [0.41999999999999998:3.2799999999999998] [1.74:11.75] [0.54000000000000004:1.71] [1.27:3.9199999999999999] [290:1680]
tree_sizes=554 660 763 768 868 864 864 763 869 872 759 872 877 871 771 859 772 877 777 774 880 773 878 877 881 880 769 880 881 879 882 885 885 885 886 885 881 883 889 884 889 885 889 890 887 888 890 890 891 893 784 892 891 887 891 894 998 895 892 784

Tree=0
num_leaves=4
num_cat=0
split_feature=12 0 0
split_gain=105.812 6.80876 0.702491
threshold=755.00000000000011 13.505000000000001 13.135000000000002
decision_type=2 2 2
left_child=2 -2 -1
right_child=1 -3 -4
leaf_value=-0.82330823499216332 -0.58847553233674821 -0.46202715398383237 -0.78718012689133021
leaf_weight=15.500396490097051 4.4286847114562971 7.0858955383300781 4.4286847114562979
leaf_count=70 20 32 20
internal_value=-0.703729 -0.510661 -0.81528
internal_weight=31.4437 11.5146 19.9291
internal_count=142 52 90
is_linear=0
shrinkage=1


Tree=1
num_leaves=5
num_cat=0
split_feature=12 6 6 0
split_gain=87.6275 5.09679 0.737151 0.000504836
threshold=755.00000000000011 2.8250000000000006 2.2550000000000003 12.945000000000002
decision_type=2 2 2 2
left_child=2 -2 3 -1
right_child=1 -3 -4 -5
leaf_value=-0.11511816810547808 0.10400842772856955 0.20966942246956066 -0.077656773956855898 -0.11611961235929247
leaf_weight=10.17595767974854 4.8659127205610258 7.3128245025873184 4.2488248050212851 4.7140877544879904
leaf_count=48 21 31 20 22
internal_value=-0.000300599 0.167453 -0.107048 -0.115435
internal_weight=31.3176 12.1787 19.1389 14.89
internal_count=142 52 90 70
is_linear=0
shrinkage=0.08


Tree=2
num_leaves=6
num_cat=0
split_feature=12 12 4 6 0
split_gain=73.9387 4.5351 0.760449 0.000298285 0.000158667
threshold=755.00000000000011 1040.0000000000002 101.50000000000001 2.1900000000000004 12.745000000000003
decision_type=2 2 2 2 2
left_child=2 -2 3 4 -1
right_child=1 -3 -4 -5 -6
leaf_value=-0.11129944057591638 0.089757714829331606 0.18780089684434292 -0.072606865446919064 -0.11237832847380869 -0.11194006706174356
leaf_weight=5.8619028031826073 5.0214672982692701 7.573576033115387 4.0738724470138541 4.1015880852937689 4.2816015779972076
leaf_count=29 21 31 20 20 21
internal_value=-0.000497839 0.148712 -0.103086 -0.111803 -0.11157
internal_weight=30.914 12.595 18.319 14.2451 10.1435
internal_count=142 52 90 70 50
is_linear=0
shrinkage=0.08


Tree=3
num_leaves=6
num_cat=0
split_feature=12 3 6 0 4
split_gain=63.2011 4.12833 0.755916 0.000428598 8.89065e-05
threshold=755.00000000000011 18.050000000000004 2.2550000000000003 12.945000000000002 92.500000000000014
decision_type=2 2 2 2 2
left_child=2 -2 3 4 -1
right_child=1 -3 -4 -5 -6
leaf_value=-0.10799798323483019 0.1728745826291091 0.080887561800916982 -0.068661303567152027 -0.10917461352074176 -0.10850071992130332
leaf_weight=5.3770418167114311 7.4417015612125379 5.3798421621322632 3.9284600168466559 4.3069809377193442 3.8727694302797318
leaf_count=28 30 22 20 22 20
internal_value=-0.000633876 0.134277 -0.0995613 -0.108515 -0.108208
internal_weight=30.3068 12.8215 17.4853 13.5568 9.24981
internal_count=142 52 90 70 48
is_linear=0
shrinkage=0.08


Tree=4
num_leaves=7
num_cat=0
split_feature=6 12 12 6 4 8
split_gain=55.6721 15.3793 0.101807 0.0703896 0.000162772 2.35477e-05
threshold=2.3100000000000005 805.00000000000011 682.50000000000011 2.9950000000000006 96.500000000000014 1.3550000000000002
decision_type=2 2 2 2 2 2
left_child=2 -2 4 -3 5 -1
right_child=1 3 -4 -5 -6 -7
leaf_value=-0.10549100198406898 -0.019718432792935291 0.1689224786153411 -0.12080241433443145 0.15577777560711498 -0.10599457321012706 -0.10520723707222773
leaf_weight=3.6640860438346881 4.1679485738277426 4.9664198756217939 3.7426531910896292 5.4887872636318207 3.7008426934480667 3.8257621675729752
leaf_count=20 21 20 18 22 20 21
internal_value=-0.000731858 0.110221 -0.109381 0.162022 -0.105561 -0.105346
internal_weight=29.5565 14.6232 14.9333 10.4552 11.1907 7.48985
internal_count=142 63 79 42 61 41
is_linear=0
shrinkage=0.08


Tree=5
num_leaves=7
num_cat=0
split_feature=6 12 12 9 4 8
split_gain=48.6741 13.0641 0.0756781 0.0433737 0.00011835 1.71626e-05
threshold=2.3100000000000005 805.00000000000011 682.50000000000011 5.6200000000000001 96.500000000000014 1.3550000000000002
decision_type=2 2 2 2 2 2
left_child=2 -2 4 -3 5 -1
right_child=1 3 -4 -5 -6 -7
leaf_value=-0.10293929378042461 -0.018295994603458918 0.15521426959580226 -0.11645922126124106 0.14487316282690124 -0.10338077312286131 -0.10269007773415968
leaf_weight=3.4627541005611437 4.1340888142585746 4.971042871475218 3.5783766061067572 5.4326698631048203 3.4991101324558258 3.614612028002739
leaf_count=20 21 20 18 22 20 21
internal_value=-0.000806002 0.102009 -0.106403 0.149814 -0.103 -0.102812
internal_weight=28.6927 14.5378 14.1549 10.4037 10.5765 7.07737
internal_count=142 63 79 42 61 41
is_linear=0
shrinkage=0.08


Tree=6
num_leaves=7
num_cat=0
split_feature=6 0 5 12 4 8
split_gain=42.8293 11.5584 0.27371 0.056669 8.67412e-05 1.26074e-05
threshold=2.3100000000000005 13.135000000000002 2.8550000000000004 682.50000000000011 96.500000000000014 1.3550000000000002
decision_type=2 2 2 2 2 2
left_child=3 -2 -3 4 5 -1
right_child=1 2 -4 -5 -6 -7
leaf_value=-0.10069573630325979 -0.015131474023465704 0.15579321279030775 0.12938684534332281 -0.11269755527053794 -0.10108480037402361 -0.10047574659886635
leaf_weight=3.2648057788610476 4.2680370807647696 4.7941611856222135 5.2778474390506744 3.4089309722185126 3.3004225492477417 3.4072087705135345
leaf_count=20 21 20 22 18 20 21
internal_value=-0.000854736 0.0952019 0.141956 -0.103793 -0.100749 -0.100583
internal_weight=27.7214 14.34 10.072 13.3814 9.97244 6.67201
internal_count=142 63 42 79 61 41
is_linear=0
shrinkage=0.08


Tree=7
num_leaves=6
num_cat=0
split_feature=12 3 12 6 4
split_gain=38.47 2.3392 0.963677 0.0103953 4.65603e-05
threshold=755.00000000000011 18.050000000000004 666.00000000000011 2.1200000000000006 88.500000000000014
decision_type=2 2 2 2 2
left_child=2 -2 3 4 -1
right_child=1 -3 -4 -5 -6
leaf_value=-0.098508041091264667 0.132763232998797 0.062168613044429923 -0.049977129510972322 -0.10397003891376214 -0.098900191831194764
leaf_weight=3.5092086493968981 7.1163582652807218 5.1984611004590988 3.0953161269426337 3.49703449010849 4.3269881308078766
leaf_count=23 30 22 19 20 28
internal_value=-0.000894996 0.102963 -0.0895383 -0.100343 -0.0987246
internal_weight=26.7434 12.3148 14.4285 11.3332 7.8362
internal_count=142 52 90 71 51
is_linear=0
shrinkage=0.08


Tree=8
num_leaves=7
num_cat=0
split_feature=6 12 12 0 0 6
split_gain=35.1338 9.08196 0.0821917 0.0315167 6.41357e-05 1.00054e-05
threshold=2.3100000000000005 805.00000000000011 712.00000000000011 13.795000000000002 12.860000000000001 1.7200000000000002
decision_type=2 2 2 2 2 2
left_child=2 -2 4 -3 5 -1
right_child=1 3 -4 -5 -6 -7
leaf_value=-0.096782196059323269 -0.01544911581127763 0.13241272697089235 -0.1126984587898006 0.12329344384503672 -0.097331598600261846 -0.096983550243338629
leaf_weight=3.2964216917753237 3.9645456224679938 5.204704284667967 2.7844509184360495 4.5422738790512085 2.925956055521965 3.0322200953960419
leaf_count=23 21 22 15 20 20 21
internal_value=-0.000922261 0.086639 -0.100648 0.128163 -0.0970219 -0.0968787
internal_weight=25.7506 13.7115 12.039 9.74698 9.2546 6.32864
internal_count=142 63 79 42 64 44
is_linear=0
shrinkage=0.08


Tree=9
num_leaves=7
num_cat=0
split_feature=6 0 1 12 4 0
split_gain=31.2689 8.59865 0.267025 0.0619057 4.91624e-05 7.59834e-06
threshold=2.3100000000000005 13.135000000000002 1.7900000000000003 712.00000000000011 96.500000000000014 12.490000000000002
decision_type=2 2 2 2 2 2
left_child=3 -2 -3 4 5 -1
right_child=1 2 -4 -5 -6 -7
leaf_value=-0.095219804134526631 -0.015188706872355641 0.1114321373632372 0.13858164395417857 -0.1094304493268493 -0.095718271590947424 -0.095403044954056007
leaf_weight=2.819608002901079 4.0520281642675391 4.8260182887315732 4.4622372090816498 2.6439510732889167 2.8806776702404022 2.9778538346290588
leaf_count=21 21 22 20 15 21 22
internal_value=-0.000933748 0.0820532 0.124475 -0.0987133 -0.0954481 -0.0953139
internal_weight=24.6624 13.3403 9.28826 11.3221 8.67814 5.79746
internal_count=142 63 42 79 64 43
is_linear=0
shrinkage=0.08


Tree=10
num_leaves=6
num_cat=0
split_feature=12 11 0 6 4
split_gain=27.891 1.93877 1.06235 0.0171723 1.66705e-05
threshold=755.00000000000011 2.9050000000000007 13.185 2.1900000000000004 94.500000000000014
decision_type=2 2 2 2 2
left_child=2 -2 3 4 -1
right_child=1 -3 -4 -5 -6
leaf_value=-0.093821711497630966 0.047570141639443286 0.11599975864182634 -0.039498902289961675 -0.10108113567922057 -0.094082946935719058
leaf_weight=3.7681923136115092 4.2632922083139402 7.0016725063323975 2.6928814053535453 3.2255968824028969 2.6719417572021484
leaf_count=30 20 32 19 20 21
internal_value=-0.000945561 0.0901022 -0.0839362 -0.0963165 -0.0939301
internal_weight=23.6236 11.265 12.3586 9.66573 6.44013
internal_count=142 52 90 71 51
is_linear=0
shrinkage=0.08


Tree=11
num_leaves=7
num_cat=0
split_feature=6 0 1 12 0 6
split_gain=26.2289 6.92147 0.238135 0.0652171 0.000164922 3.22191e-06
threshold=2.3100000000000005 13.135000000000002 1.7900000000000003 712.00000000000011 12.860000000000001 1.7200000000000002
decision_type=2 2 2 2 2 2
left_child=3 -2 -3 4 5 -1
right_child=1 2 -4 -5 -6 -7
leaf_value=-0.092606950515930431 -0.0124995052658905 0.1035022221375797 0.13006343499587275 -0.10782988245584262 -0.093462335628778995 -0.092733113106542947
leaf_weight=2.7046159803867358 3.8658422827720633 4.5005728155374509 4.1543505191802979 2.4892666786909103 2.4625397920608521 2.4864883497357368
leaf_count=23 21 22 20 15 20 21
internal_value=-0.000961487 0.0764991 0.116252 -0.0965816 -0.0929232 -0.0926674
internal_weight=22.6637 12.5208 8.65492 10.1429 7.65364 5.1911
internal_count=142 63 42 79 64 44
is_linear=0
shrinkage=0.08


Tree=12
num_leaves=7
num_cat=0
split_feature=6 12 12 0 0 6
split_gain=23.4536 6.57624 0.0496528 0.0247079 0.000124755 2.44216e-06
threshold=2.3100000000000005 805.00000000000011 712.00000000000011 13.795000000000002 12.860000000000001 1.7200000000000002
decision_type=2 2 2 2 2 2
left_child=2 -2 4 -3 5 -1
right_child=1 3 -4 -5 -6 -7
leaf_value=-0.091491915006723143 -0.014933859469416822 0.11620047619088046 -0.1051731360960768 0.10746663716073547 -0.092261613770208917 -0.091605571931473478
leaf_weight=2.5258572027087229 3.7762199938297263 4.5813405364751798 2.3535317853093147 3.7863225489854813 2.3015830665826797 2.3224135786294937
leaf_count=23 21 22 15 20 20 21
internal_value=-0.000963348 0.0727003 -0.0950943 0.112248 -0.0917766 -0.0915464
internal_weight=21.6473 12.1439 9.50339 8.36766 7.14985 4.84827
internal_count=142 63 79 42 64 44
is_linear=0
shrinkage=0.08


Tree=13
num_leaves=7
num_cat=0
split_feature=6 0 1 12 0 6
split_gain=21.057 6.0836 0.232332 0.0434232 0.00010127 3.14458e-06
threshold=2.3100000000000005 13.135000000000002 1.7900000000000003 722.50000000000011 12.860000000000001 1.7200000000000002
decision_type=2 2 2 2 2 2
left_child=3 -2 -3 4 5 -1
right_child=1 2 -4 -5 -6 -7
leaf_value=-0.090458797769659025 -0.013731876667771871 0.09631058784001148 0.12375127215659118 -0.1040659477819324 -0.09118137057832934 -0.090589800631858508
leaf_weight=2.5558533892035502 3.7944468408822996 4.1128400564193726 3.7984059602022171 2.0210160985589027 2.1487696766853333 2.1669133976101875
leaf_count=25 21 22 20 13 20 21
internal_value=-0.000955599 0.0695442 0.109486 -0.0937578 -0.0907261 -0.0905189
internal_weight=20.5982 11.7057 7.91125 8.89255 6.87154 4.72277
internal_count=142 63 42 79 66 46
is_linear=0
shrinkage=0.08


Tree=14
num_leaves=6
num_cat=0
split_feature=12 11 1 6 9
split_gain=19.2754 3.50172 0.31968 0.0236405 1.32777e-05
threshold=722.50000000000011 2.8750000000000004 3.2050000000000005 2.1900000000000004 3.6700000000000004
decision_type=2 2 2 2 2
left_child=2 -2 3 4 -1
right_child=1 -3 -4 -5 -6
leaf_value=-0.089605940632475498 0.01168435165738369 0.10844067612906516 -0.05861297985123546 -0.099241770012814992 -0.089889582480586677
leaf_weight=2.2966013848781603 3.7343395426869375 6.669045478105545 2.2142046466469765 2.7623663544654846 1.9556850418448446
leaf_count=24 23 36 20 19 20
internal_value=-0.000951443 0.0737096 -0.0851143 -0.0934796 -0.0897364
internal_weight=19.6322 10.4034 9.22886 7.01465 4.25229
internal_count=142 59 83 63 44
is_linear=0
shrinkage=0.08


Tree=15
num_leaves=7
num_cat=0
split_feature=6 4 9 12 0 8
split_gain=17.8903 5.24886 0.200601 0.0407011 8.94028e-05 1.66797e-06
threshold=2.3100000000000005 97.500000000000014 5.6900000000000004 722.50000000000011 12.860000000000001 1.405
decision_type=2 2 2 2 2 2
left_child=3 -2 -3 4 5 -1
right_child=1 2 -4 -5 -6 -7
leaf_value=-0.088861868652997167 -0.010334870185942497 0.11896413018463171 0.0919342962858921 -0.10238968030262273 -0.089481979617875407 -0.088759020467018696
leaf_weight=2.3335365206003216 3.7757204025983793 3.8075404614210129 3.2632551044225693 1.9270330891013143 1.8913509696722028 1.7782281190156934
leaf_count=26 23 20 20 13 20 20
internal_value=-0.000948098 0.0658224 0.10649 -0.092274 -0.0890268 -0.0888174
internal_weight=18.7767 10.8465 7.0708 7.93015 6.00312 4.11176
internal_count=142 63 40 79 66 46
is_linear=0
shrinkage=0.08


Tree=16
num_leaves=6
num_cat=0
split_feature=12 6 1 6 9
split_gain=16.1322 3.03501 0.332165 0.0280823 8.13001e-06
threshold=722.50000000000011 2.6850000000000005 3.2050000000000005 2.4200000000000004 3.6700000000000004
decision_type=2 2 2 2 2
left_child=2 -2 3 4 -1
right_child=1 -3 -4 -5 -6
leaf_value=-0.088039789102720381 0.013564281560909218 0.10533815182271412 -0.054711236542235711 -0.099410495922833506 -0.088268514115867253
leaf_weight=2.4055772721767443 3.8009610623121244 5.864523634314537 2.0202074721455574 2.1568340063095093 1.6956629976630209
leaf_count=29 23 36 20 14 20
internal_value=-0.000952128 0.069248 -0.0829158 -0.0920207 -0.0881344
internal_weight=17.9438 9.66548 8.27828 6.25807 4.10124
internal_count=142 59 83 63 49
is_linear=0
shrinkage=0.08


Tree=17
num_leaves=7
num_cat=0
split_feature=6 12 12 0 0 1
split_gain=15.2487 4.65922 0.0354715 0.0147703 7.58782e-05 3.10517e-06
threshold=2.3100000000000005 805.00000000000011 722.50000000000011 13.795000000000002 12.860000000000001 1.9100000000000001
decision_type=2 2 2 2 2 2
left_child=2 -2 4 -3 5 -1
right_child=1 3 -4 -5 -6 -7
leaf_value=-0.087362891582005595 -0.013214566698615893 0.10497579933329228 -0.10057748967260978 0.097352790158492436 -0.088083018547077854 -0.087513159809031391
leaf_weight=2.0060142651200326 3.4335379451513273 3.7264899462461472 1.8290693536400793 2.8870102167129517 1.6624932438135145 1.5680458471179006
leaf_count=26 21 22 13 20 20 20
internal_value=-0.000934947 0.0623942 -0.0909865 0.101648 -0.0876365 -0.0874288
internal_weight=17.1127 10.047 7.06562 6.6135 5.23655 3.57406
internal_count=142 63 79 42 66 46
is_linear=0
shrinkage=0.08


Tree=18
num_leaves=6
num_cat=0
split_feature=6 4 12 0 1
split_gain=13.7652 4.40864 0.0271728 5.83354e-05 2.39009e-06
threshold=2.3100000000000005 98.500000000000014 722.50000000000011 12.860000000000001 1.9100000000000001
decision_type=2 2 2 2 2
left_child=2 -2 3 4 -1
right_child=1 -3 -4 -5 -6
leaf_value=-0.086746974358804491 -0.0044290793922278785 0.1054294907609114 -0.098695108758804939 -0.087401831866929014 -0.086883719881259314
leaf_weight=1.8643964678049116 3.9866852611303312 5.6526442095637321 1.7193229123950002 1.5461476370692251 1.4575476869940756
leaf_count=26 26 37 13 20 20
internal_value=-0.000917914 0.0599936 -0.0900494 -0.0869959 -0.086807
internal_weight=16.2267 9.63933 6.58741 4.86809 3.32194
internal_count=142 63 79 66 46
is_linear=0
shrinkage=0.08


Tree=19
num_leaves=6
num_cat=0
split_feature=12 11 1 6 9
split_gain=12.6917 2.48593 0.426668 0.0248864 9.99198e-06
threshold=722.50000000000011 2.8750000000000004 3.4000000000000008 2.4200000000000004 3.6700000000000004
decision_type=2 2 2 2 2
left_child=2 -2 3 4 -1
right_child=1 -3 -4 -5 -6
leaf_value=-0.086185458736978846 0.0081579685253829713 0.098405979267553276 -0.042620588937239259 -0.097459974008720848 -0.086456488665392309
leaf_weight=1.931210793554784 3.0793819576501829 5.3423249274492264 1.5287870094180105 2.0140975415706635 1.5850858613848684
leaf_count=29 23 36 17 14 23
internal_value=-0.000910589 0.065407 -0.0800284 -0.0903692 -0.0863076
internal_weight=15.4809 8.42171 7.05918 5.53039 3.5163
internal_count=142 59 83 66 52
is_linear=0
shrinkage=0.08


Tree=20
num_leaves=7
num_cat=0
split_feature=6 0 11 12 1 9
split_gain=11.8342 3.94706 0.202184 0.0242974 6.46386e-05 1.27112e-06
threshold=2.3100000000000005 13.135000000000002 3.1500000000000008 722.50000000000011 2.9250000000000003 3.2300000000000004
decision_type=2 2 2 2 2 2
left_child=3 -2 -3 4 5 -1
right_child=1 2 -4 -5 -6 -7
leaf_value=-0.085668156039550802 -0.013744102974561506 0.11195458140633401 0.081823398117803453 -0.097441539816559411 -0.086371938544976809 -0.085777562177325267
leaf_weight=1.4823135100305092 3.2135812491178495 2.8947678133845329 2.8075970858335495 1.6307869106531141 1.4983431398868559 1.2551306821405885
leaf_count=24 21 20 22 13 22 20
internal_value=-0.000901635 0.0571607 0.0971193 -0.0891441 -0.0859495 -0.0857183
internal_weight=14.7825 8.91595 5.70236 5.86657 4.23579 2.73744
internal_count=142 63 42 79 66 44
is_linear=0
shrinkage=0.08


Tree=21
num_leaves=6
num_cat=0
split_feature=12 6 4 6 1
split_gain=10.7246 2.81667 0.5038 0.0203339 2.16412e-05
threshold=722.50000000000011 2.6650000000000005 98.500000000000014 2.4200000000000004 2.3950000000000005
decision_type=2 2 2 2 2
left_child=2 -2 3 4 -1
right_child=1 -3 -4 -5 -6
leaf_value=-0.085239109952042619 -0.0023722831382302768 0.098399734995278987 -0.03364855855562883 -0.095808753587755244 -0.085671810473488264
leaf_weight=1.7292440049350264 2.7637332305312157 4.9627067744731903 1.2967611849308012 2.0090268105268478 1.2927950136363504
leaf_count=30 20 39 17 15 21
internal_value=-0.000889348 0.0623538 -0.0781108 -0.089571 -0.0854242
internal_weight=14.0543 7.72644 6.32783 5.03107 3.02204
internal_count=142 59 83 66 51
is_linear=0
shrinkage=0.08


Tree=22
num_leaves=7
num_cat=0
split_feature=6 12 0 12 1 4
split_gain=10.1961 5.30756 0.0428198 0.0216008 7.95303e-05 2.29992e-06
threshold=2.3100000000000005 755.00000000000011 13.570000000000002 745.00000000000011 3.0650000000000004 92.500000000000014
decision_type=2 2 2 2 2 2
left_child=3 -2 -3 4 5 -1
right_child=1 2 -4 -5 -6 -7
leaf_value=-0.084808488208767463 -0.041664533050843451 0.106385494344099 0.092243435117551412 -0.096790682566491149 -0.085646914120687812 -0.084962122783196217
leaf_weight=1.4429004080593602 2.5126840844750387 2.3506051525473595 3.2854456827044487 1.3859088793396948 1.2862274199724195 1.0982840806245802
leaf_count=27 18 15 30 11 21 20
internal_value=-0.000864085 0.055032 0.0981416 -0.0882331 -0.0851343 -0.0848749
internal_weight=13.3621 8.14873 5.63605 5.21332 3.82741 2.54118
internal_count=142 63 45 79 68 47
is_linear=0
shrinkage=0.08


Tree=23
num_leaves=7
num_cat=0
split_feature=6 12 0 12 1 4
split_gain=9.26435 6.33429 0.0685989 0.0166027 6.16136e-05 1.78707e-06
threshold=2.3100000000000005 722.50000000000011 13.570000000000002 745.00000000000011 3.0650000000000004 88.500000000000014
decision_type=2 2 2 2 2 2
left_child=3 -2 -3 4 5 -1
right_child=1 2 -4 -5 -6 -7
leaf_value=-0.084399676527714865 -0.061231636977194165 0.10910262195411541 0.091181845606890327 -0.095286589922983472 -0.085183754135501 -0.084540023967868957
leaf_weight=1.0371129401028163 2.2029517292976379 2.4665692374110222 3.0667143762111664 1.2987212464213369 1.1935305036604402 1.3192616961896417
leaf_count=21 17 16 30 11 21 26
internal_value=-0.000845066 0.0534947 0.0991704 -0.087547 -0.0847155 -0.0844783
internal_weight=12.5849 7.73624 5.53328 4.84863 3.54991 2.35637
internal_count=142 63 46 79 68 47
is_linear=0
shrinkage=0.08


Tree=24
num_leaves=7
num_cat=0
split_feature=6 12 0 12 1 4
split_gain=8.43899 4.37532 0.0253461 0.0127867 4.77929e-05 1.38736e-06
threshold=2.3100000000000005 755.00000000000011 13.570000000000002 745.00000000000011 3.0650000000000004 88.500000000000014
decision_type=2 2 2 2 2 2
left_child=3 -2 -3 4 5 -1
right_child=1 2 -4 -5 -6 -7
leaf_value=-0.084043603238164122 -0.037245390699141116 0.10182723521425892 0.090222019879050319 -0.09393434914832631 -0.084760760629889562 -0.084172045352312916
leaf_weight=0.96126710996031839 2.3630190938711166 2.0807714387774467 2.8598201051354408 1.2154220156371591 1.1070420481264589 1.2229395061731336
leaf_count=21 18 15 30 11 21 26
internal_value=-0.000833417 0.0522873 0.0951097 -0.0869221 -0.0843326 -0.0841155
internal_weight=11.8103 7.30361 4.94059 4.50667 3.29125 2.18421
internal_count=142 63 45 79 68 47
is_linear=0
shrinkage=0.08


Tree=25
num_leaves=7
num_cat=0
split_feature=12 6 3 6 1 4
split_gain=7.89214 3.40545 0.218034 0.0119016 2.21358e-05 1.13194e-06
threshold=676.50000000000011 2.4200000000000004 18.050000000000004 2.4200000000000004 2.9250000000000003 88.500000000000014
decision_type=2 2 2 2 2 2
left_child=3 -2 -3 4 5 -1
right_child=1 2 -4 -5 -6 -7
leaf_value=-0.083717668618314256 -0.036026853959971898 0.10205833237052039 0.067844849068100427 -0.09283885570722468 -0.084259117880283979 -0.083845827875212914
leaf_weight=0.89067561924457572 2.0037397257983685 2.8533220365643501 2.0475271120667458 1.4926921948790548 0.95607850328087796 0.87374548241496086
leaf_count=21 21 29 18 13 20 20
internal_value=-0.000812424 0.0518396 0.0877643 -0.0870987 -0.0839491 -0.0837811
internal_weight=11.1178 6.90459 4.90085 4.21319 2.7205 1.76442
internal_count=142 68 47 74 61 41
is_linear=0
shrinkage=0.08


Tree=26
num_leaves=6
num_cat=0
split_feature=0 6 8 12 6
split_gain=7.21687 5.43853 0.326217 0.00396567 0.00490285
threshold=12.815000000000003 2.3100000000000005 1.8400000000000003 666.00000000000011 2.4200000000000004
decision_type=2 2 2 2 2
left_child=3 -2 -3 4 -1
right_child=1 2 -4 -5 -6
leaf_value=-0.083500276976034515 -0.085665786767670851 0.11184756703380248 0.071158603678092319 -0.091795049017575153 -0.090619202699018339
leaf_weight=1.5626927502453334 1.4846491999924181 2.1438657566905022 3.062399797141552 1.258927311748266 1.025449067354202
leaf_count=39 29 19 31 14 10
internal_value=-0.000802367 0.0493981 0.0879137 -0.0881123 -0.0863209
internal_weight=10.538 6.69091 5.20627 3.84707 2.58814
internal_count=142 79 50 63 49
is_linear=0
shrinkage=0.08


Tree=27
num_leaves=7
num_cat=0
split_feature=12 6 4 6 1 4
split_gain=6.67078 2.77751 0.386659 0.00880563 1.32339e-05 6.9275e-07
threshold=676.50000000000011 2.4200000000000004 102.50000000000001 2.4200000000000004 2.9250000000000003 88.500000000000014
decision_type=2 2 2 2 2 2
left_child=3 -2 -3 4 5 -1
right_child=1 2 -4 -5 -6 -7
leaf_value=-0.083143144051294998 -0.032476695783783538 0.055105151631291545 0.10365525514369674 -0.091468727648214301 -0.08359586308690474 -0.083251421725382399
leaf_weight=0.76349974796176023 1.8552034124732015 1.7450716160237787 2.6352317221462727 1.3428931981325147 0.82003673538565625 0.74928499385714531
leaf_count=21 21 19 28 13 20 20
internal_value=-0.000824928 0.0495657 0.0843134 -0.0863079 -0.0833371 -0.0831968
internal_weight=9.91122 6.23551 4.3803 3.67571 2.33282 1.51278
internal_count=142 68 47 74 61 41
is_linear=0
shrinkage=0.08


Tree=28
num_leaves=7
num_cat=0
split_feature=0 11 4 12 6 10
split_gain=6.19431 2.67976 0.343687 0.00390768 0.0029286 2.94238e-07
threshold=12.815000000000003 2.7450000000000006 102.50000000000001 676.50000000000011 2.4200000000000004 0.96500000000000008
decision_type=2 2 2 2 2 2
left_child=3 -2 -3 4 5 -1
right_child=1 2 -4 -5 -6 -7
leaf_value=-0.083000026071014782 -0.034825661682777266 0.057697745781822504 0.10339596353218131 -0.091035943434204056 -0.088855541486431003 -0.082925996400260507
leaf_weight=0.69458884373307295 1.7656922489404676 1.9439862966537473 2.298821184784174 1.1310779787600038 0.88905321061611164 0.68000784143805504
leaf_count=20 33 20 26 13 10 20
internal_value=-0.000813148 0.0479922 0.0824578 -0.0871962 -0.0852776 -0.0829634
internal_weight=9.40323 6.0085 4.24281 3.39473 2.26365 1.3746
internal_count=142 79 46 63 50 40
is_linear=0
shrinkage=0.08


Tree=29
num_leaves=7
num_cat=0
split_feature=12 11 1 6 0 7
split_gain=5.72286 2.36075 0.351889 0.00661797 1.41791e-05 5.49295e-07
threshold=676.50000000000011 2.7450000000000006 1.8200000000000003 2.4200000000000004 12.860000000000001 0.42500000000000004
decision_type=2 2 2 2 2 2
left_child=3 -2 -3 4 5 -1
right_child=1 2 -4 -5 -6 -7
leaf_value=-0.082680323579226056 -0.03276681407375439 0.060214877454688835 0.10799662583386022 -0.090368425387564261 -0.083172011805097909 -0.082784088461465247
leaf_weight=0.65801899321377344 1.6628956943750379 2.3245199173688889 1.7135844901204107 1.2056441307067869 0.73007131367921818 0.64806141704320908
leaf_count=21 21 29 18 13 20 20
internal_value=-0.000803309 0.0474556 0.0804912 -0.0856711 -0.0828896 -0.0827318
internal_weight=8.9428 5.701 4.0381 3.2418 2.03615 1.30608
internal_count=142 68 47 74 61 41
is_linear=0
shrinkage=0.08


Tree=30
num_leaves=7
num_cat=0
split_feature=6 12 6 12 1 4
split_gain=5.37934 3.85589 0.0256121 0.00538422 2.11899e-05 1.66724e-06
threshold=2.3100000000000005 722.50000000000011 2.8250000000000006 745.00000000000011 3.0650000000000004 92.500000000000014
decision_type=2 2 2 2 2 2
left_child=3 -2 -3 4 5 -1
right_child=1 2 -4 -5 -6 -7
leaf_value=-0.082494455594473243 -0.052343682975209013 0.10023683370889053 0.086888708020317687 -0.090005370317322253 -0.083099395579071006 -0.082669663540833924
leaf_weight=0.78936413303017683 1.7074763625860212 1.6653707437217238 2.0555064864456654 0.94183231517672528 0.74346429109573353 0.62108181416988373
leaf_count=27 17 15 31 11 21 20
internal_value=-0.000804542 0.0471886 0.092863 -0.08496 -0.0827538 -0.0825716
internal_weight=8.5241 5.42835 3.72088 3.09574 2.15391 1.41045
internal_count=142 63 46 79 68 47
is_linear=0
shrinkage=0.08


Tree=31
num_leaves=7
num_cat=0
split_feature=0 11 4 12 6 10
split_gain=4.95542 1.96231 0.332427 0.00277404 0.00152595 1.3913e-07
threshold=12.815000000000003 2.7450000000000006 102.50000000000001 676.50000000000011 2.4200000000000004 0.96500000000000008
decision_type=2 2 2 2 2 2
left_child=3 -2 -3 4 5 -1
right_child=1 2 -4 -5 -6 -7
leaf_value=-0.082340107352698519 -0.028989758680510295 0.052403714071850904 0.10110076081466973 -0.089460969773508897 -0.087028584656165114 -0.082282924532704915
leaf_weight=0.55050355754792712 1.5665704719722269 1.6895804516971114 1.9129143729805944 0.99647326953709114 0.73523192852735508 0.53887460939586163
leaf_count=20 33 20 26 13 10 20
internal_value=-0.000785651 0.0457574 0.0782617 -0.0860664 -0.0842125 -0.0823118
internal_weight=7.99015 5.16907 3.60249 2.82108 1.82461 1.08938
internal_count=142 79 46 63 50 40
is_linear=0
shrinkage=0.08


Tree=32
num_leaves=7
num_cat=0
split_feature=6 12 6 12 0 12
split_gain=4.60091 3.32411 0.0173083 0.0041328 4.04868e-05 4.47232e-06
threshold=2.3100000000000005 722.50000000000011 2.8250000000000006 805.00000000000011 13.135000000000002 525.00000000000011
decision_type=2 2 2 2 2 2
left_child=3 -2 -3 4 5 -1
right_child=1 2 -4 -5 -6 -7
leaf_value=-0.08215428579627039 -0.049514171315190869 0.097666316109592977 0.086033894536576005 -0.089740431949889662 -0.083056910087596275 -0.082439304710832439
leaf_weight=0.86489467695355482 1.5887837558984754 1.4970572143793108 1.8064997904002664 0.66863471269607533 0.58748559094965447 0.59455445036292076
leaf_count=34 17 15 31 7 17 21
internal_value=-0.000775877 0.0455743 0.0913053 -0.0842798 -0.0824961 -0.0822704
internal_weight=7.60791 4.89234 3.30356 2.71557 2.04693 1.45945
internal_count=142 63 46 79 72 55
is_linear=0
shrinkage=0.08


Tree=33
num_leaves=7
num_cat=0
split_feature=12 11 4 6 0 10
split_gain=4.29471 2.00855 0.352759 0.00396361 1.11505e-05 8.54981e-08
threshold=676.50000000000011 2.6800000000000002 101.50000000000001 2.4200000000000004 12.815000000000003 0.96500000000000008
decision_type=2 2 2 2 2 2
left_child=3 -2 -3 4 5 -1
right_child=1 2 -4 -5 -6 -7
leaf_value=-0.08198510882635221 -0.0425348323656696 0.046033627656564137 0.098534698504040064 -0.088619875558104813 -0.082405192609898523 -0.081936646179955802
leaf_weight=0.47103095985949062 1.226805819198489 1.3907296117395165 1.9926357381045816 0.99777465313673008 0.59165096096694469 0.46100489608943462
leaf_count=20 19 19 30 13 21 20
internal_value=-0.000755281 0.0451571 0.0769542 -0.0847003 -0.0821336 -0.0819611
internal_weight=7.13163 4.61017 3.38337 2.52146 1.52369 0.932036
internal_count=142 68 49 74 61 40
is_linear=0
shrinkage=0.08


Tree=34
num_leaves=7
num_cat=0
split_feature=0 12 2 12 6 10
split_gain=3.97215 1.52569 0.11516 0.00190123 0.000806256 6.68995e-08
threshold=12.815000000000003 755.00000000000011 2.4050000000000007 676.50000000000011 2.4200000000000004 0.96500000000000008
decision_type=2 2 2 2 2 2
left_child=3 -2 -3 4 5 -1
right_child=1 2 -4 -5 -6 -7
leaf_value=-0.081828876808334977 -0.020927611464594098 0.056756521407771612 0.089844382299390943 -0.088099753832250882 -0.085613846886629624 -0.081784298908820149
leaf_weight=0.43561284989118598 1.5300807058811186 1.0597248375415804 1.845701068639755 0.86935711093246926 0.60657767951488495 0.42632170580327511
leaf_count=20 32 18 29 13 10 20
internal_value=-0.000750364 0.043727 0.0777759 -0.0851347 -0.0833793 -0.0818068
internal_weight=6.77338 4.43551 2.90543 2.33787 1.46851 0.861935
internal_count=142 79 47 63 50 40
is_linear=0
shrinkage=0.08


Tree=35
num_leaves=7
num_cat=0
split_feature=6 12 0 12 0 12
split_gain=3.76983 2.56599 0.0117265 0.00274099 3.18252e-05 4.51444e-06
threshold=2.3100000000000005 722.50000000000011 13.485000000000001 805.00000000000011 13.135000000000002 525.00000000000011
decision_type=2 2 2 2 2 2
left_child=3 -2 -3 4 5 -1
right_child=1 2 -4 -5 -6 -7
leaf_value=-0.081698095171406651 -0.043528871058170451 0.095335033815413639 0.084808969127175463 -0.088405384116064106 -0.082591715982894234 -0.082015514229903011
leaf_weight=0.68812899850308917 1.4027289710938928 1.2034490369260313 1.5494618769735096 0.58749163150787342 0.50044508464634407 0.49163570441305637
leaf_count=34 17 13 33 7 17 21
internal_value=-0.000736488 0.044537 0.0894105 -0.0837018 -0.0820571 -0.0818304
internal_weight=6.42334 4.15564 2.75291 2.2677 1.68021 1.17976
internal_count=142 63 46 79 72 55
is_linear=0
shrinkage=0.08


Tree=36
num_leaves=7
num_cat=0
split_feature=12 6 4 6 8 0
split_gain=3.44626 1.53006 0.294178 0.00245698 1.71741e-05 5.50686e-06
threshold=676.50000000000011 2.4200000000000004 102.50000000000001 2.6200000000000006 1.5550000000000004 12.745000000000003
decision_type=2 2 2 2 2 2
left_child=3 -2 -3 4 5 -1
right_child=1 2 -4 -5 -6 -7
leaf_value=-0.081542591185355048 -0.030046505444465355 0.046611296494753617 0.10001027063875331 -0.08768207376202676 -0.082344622234571715 -0.081943170981145577
leaf_weight=0.44468184188008331 1.246564503759146 1.155213173478842 1.5411187727004287 0.74445719271898259 0.45809355191886425 0.43399712629616261
leaf_count=24 21 19 28 11 20 19
internal_value=-0.000714115 0.0432471 0.0771321 -0.0839988 -0.0819475 -0.0817404
internal_weight=6.02413 3.9429 2.69633 2.08123 1.33677 0.878679
internal_count=142 68 47 74 63 43
is_linear=0
shrinkage=0.08


Tree=37
num_leaves=7
num_cat=0
split_feature=6 12 9 12 12 0
split_gain=3.23907 2.22444 0.00873171 0.00197339 2.45219e-05 5.09251e-06
threshold=2.3100000000000005 722.50000000000011 4.8500000000000005 805.00000000000011 645.00000000000011 12.745000000000003
decision_type=2 2 2 2 2 2
left_child=3 -2 -3 4 5 -1
right_child=1 2 -4 -5 -6 -7
leaf_value=-0.081414149818076945 -0.040815035966484239 0.09377007969340348 0.08412667714846031 -0.087471058784488936 -0.082281907403739293 -0.081777825788647049
leaf_weight=0.59591955132782437 1.3121098279953005 1.0896132625639441 1.3398538120090959 0.53310346603393544 0.43574428558349598 0.4201727882027626
leaf_count=35 17 13 33 7 17 20
internal_value=-0.000702929 0.04312 0.0884517 -0.0833084 -0.0817798 -0.0815645
internal_weight=5.72652 3.74158 2.42947 1.98494 1.45184 1.01609
internal_count=142 63 46 79 72 55
is_linear=0
shrinkage=0.08


Tree=38
num_leaves=7
num_cat=0
split_feature=0 11 4 12 6 10
split_gain=3.01711 1.59932 0.457754 0.00108902 0.000395198 2.54162e-08
threshold=12.815000000000003 2.6000000000000001 98.500000000000014 676.50000000000011 2.4200000000000004 0.96500000000000008
decision_type=2 2 2 2 2 2
left_child=3 -2 -3 4 5 -1
right_child=1 2 -4 -5 -6 -7
leaf_value=-0.08131896570656387 -0.048407113337230634 0.028012510972413147 0.098332148374337666 -0.086626867854854711 -0.084344428275491656 -0.081286809528199305
leaf_weight=0.31809632014483191 0.92018540762364898 0.90290623717010055 1.7231137976050375 0.71441906318068493 0.48352807760238647 0.31122537702322006
leaf_count=20 30 14 35 13 10 20
internal_value=-0.00067925 0.0423514 0.0741541 -0.0841893 -0.0826245 -0.0813031
internal_weight=5.37347 3.54621 2.62602 1.82727 1.11285 0.629322
internal_count=142 79 49 63 50 40
is_linear=0
shrinkage=0.08


Tree=39
num_leaves=7
num_cat=0
split_feature=12 6 4 6 12 0
split_gain=2.7901 1.17789 0.31458 0.00176004 1.13296e-05 6.07527e-06
threshold=676.50000000000011 2.4200000000000004 100.50000000000001 2.6200000000000006 431.00000000000006 12.815000000000003
decision_type=2 2 2 2 2 2
left_child=3 -2 -3 4 -1 -6
right_child=1 2 -4 -5 5 -7
leaf_value=-0.081986275903614528 -0.026860332195210369 0.035643067210387805 0.097139316077294757 -0.086851471824702139 -0.081191783833076736 -0.081639924997368093
leaf_weight=0.29862861707806565 1.0871692057698967 0.84636593982577357 1.4349924661219118 0.64603936299681652 0.40429337974637747 0.37151066213846207
leaf_count=16 21 14 33 11 28 19
internal_value=-0.000665903 0.0416679 0.0743247 -0.0835517 -0.0815676 -0.0814064
internal_weight=5.089 3.36853 2.28136 1.72047 1.07443 0.775804
internal_count=142 68 47 74 63 47
is_linear=0
shrinkage=0.08


Tree=40
num_leaves=7
num_cat=0
split_feature=0 11 4 12 6 10
split_gain=2.6149 1.23162 0.375418 0.00094405 0.000239121 1.5645e-08
threshold=12.815000000000003 2.6800000000000002 100.50000000000001 676.50000000000011 2.4200000000000004 0.96500000000000008
decision_type=2 2 2 2 2 2
left_child=3 -2 -3 4 5 -1
right_child=1 2 -4 -5 -6 -7
leaf_value=-0.081120866967215349 -0.038717753936286355 0.032270266659997736 0.097804444566037457 -0.086156475547602376 -0.083664711031222985 -0.081093565318759483
leaf_weight=0.27164039388298966 0.8975459169596437 0.93280006945133243 1.3977442774921653 0.66096372529864311 0.41448532417416573 0.26575032155960798
leaf_count=20 31 16 32 13 10 20
internal_value=-0.000651548 0.0409085 0.0715744 -0.0838338 -0.0822209 -0.0811074
internal_weight=4.84093 3.22809 2.33054 1.61284 0.951876 0.537391
internal_count=142 79 48 63 50 40
is_linear=0
shrinkage=0.08


Tree=41
num_leaves=7
num_cat=0
split_feature=6 12 9 12 12 0
split_gain=2.42879 1.73916 0.00461445 0.000944084 1.7845e-05 5.32996e-06
threshold=2.3100000000000005 722.50000000000011 4.8500000000000005 805.00000000000011 666.00000000000011 12.815000000000003
decision_type=2 2 2 2 2 2
left_child=3 -2 -3 4 5 -1
right_child=1 2 -4 -5 -6 -7
leaf_value=-0.081020876155951299 -0.037823964021549361 0.09106312976025327 0.083217387098779169 -0.085807814357836437 -0.08191072560545791 -0.081439093348594879
leaf_weight=0.48403375968337037 1.1378715187311175 0.914633348584175 1.0090796146541832 0.42764774709939946 0.3009839029982686 0.32664136216044426
leaf_count=39 17 13 33 7 14 19
internal_value=-0.000639878 0.0405749 0.0869477 -0.0826135 -0.0813847 -0.0811894
internal_weight=4.60089 3.06158 1.92371 1.53931 1.11166 0.810675
internal_count=142 63 46 79 72 58
is_linear=0
shrinkage=0.08


Tree=42
num_leaves=7
num_cat=0
split_feature=12 11 4 6 8 0
split_gain=2.27845 1.07193 0.254892 0.00130194 6.20286e-06 2.97386e-06
threshold=676.50000000000011 2.6800000000000002 101.50000000000001 2.6200000000000006 1.5850000000000002 12.745000000000003
decision_type=2 2 2 2 2 2
left_child=3 -2 -3 4 5 -1
right_child=1 2 -4 -5 -6 -7
leaf_value=-0.080945725281084832 -0.037345053233629424 0.039254664960536804 0.095734933412878379 -0.086210627485738711 -0.081602448991756518 -0.081299111829577553
leaf_weight=0.28818346373736836 0.81760391872376237 0.91520026884973082 1.1589587349444626 0.56357585266232491 0.25473343953490257 0.3234755015000701
leaf_count=25 19 19 30 11 17 21
internal_value=-0.000613952 0.0402333 0.0708136 -0.0832176 -0.0812708 -0.0811326
internal_weight=4.32173 2.89176 2.07416 1.42997 0.866392 0.611659
internal_count=142 68 49 74 63 46
is_linear=0
shrinkage=0.08


Tree=43
num_leaves=7
num_cat=0
split_feature=0 11 4 12 6 10
split_gain=2.13703 1.01445 0.36257 0.000671127 0.000132075 7.60965e-09
threshold=12.815000000000003 2.6000000000000001 98.500000000000014 676.50000000000011 2.4200000000000004 0.96500000000000008
decision_type=2 2 2 2 2 2
left_child=3 -2 -3 4 5 -1
right_child=1 2 -4 -5 -6 -7
leaf_value=-0.080878817638556005 -0.040389347158160983 0.025673283606300754 0.095364417713484792 -0.085422569351303865 -0.082980428982044926 -0.080857377031345795
leaf_weight=0.21425194758921839 0.74339990224689279 0.77093813568353686 1.2563686296343801 0.57817137241363525 0.3426319807767868 0.20957009494304657
leaf_count=20 30 14 35 13 10 20
internal_value=-0.00061099 0.0395495 0.0688625 -0.0833648 -0.0818124 -0.0808682
internal_weight=4.11533 2.77071 2.02731 1.34463 0.766454 0.423822
internal_count=142 79 49 63 50 40
is_linear=0
shrinkage=0.08


Tree=44
num_leaves=7
num_cat=0
split_feature=12 11 4 5 6 1
split_gain=1.9746 0.859555 0.22191 0.00106939 5.55037e-06 1.32458e-06
threshold=676.50000000000011 2.6800000000000002 101.50000000000001 2.6100000000000008 1.7750000000000001 2.9250000000000003
decision_type=2 2 2 2 2 2
left_child=3 -2 -3 4 5 -1
right_child=1 2 -4 -5 -6 -7
leaf_value=-0.080856547702750012 -0.032301046038807367 0.03801064292283491 0.093255523541406926 -0.085949454032446249 -0.081439094406361795 -0.081122787936127635
leaf_weight=0.22631907090544723 0.77381434105336699 0.85951432399451722 1.0147020183503626 0.48750358913093805 0.29303628951311111 0.25360892899334431
leaf_count=22 19 19 30 11 22 19
internal_value=-0.000597639 0.0386333 0.0679203 -0.0830153 -0.0811647 -0.0809972
internal_weight=3.9085 2.64803 1.87422 1.26047 0.772964 0.479928
internal_count=142 68 49 74 63 41
is_linear=0
shrinkage=0.08


Tree=45
num_leaves=7
num_cat=0
split_feature=6 12 0 12 12 0
split_gain=1.86603 1.36847 0.00257047 0.000560681 1.3922e-05 2.84749e-06
threshold=2.3100000000000005 722.50000000000011 13.405000000000003 805.00000000000011 666.00000000000011 12.815000000000003
decision_type=2 2 2 2 2 2
left_child=3 -2 -3 4 5 -1
right_child=1 2 -4 -5 -6 -7
leaf_value=-0.080738129874707701 -0.035223473907951219 0.089424302572725503 0.082835761377386005 -0.08486241224590485 -0.081594612717755713 -0.081091500187551999
leaf_weight=0.3524241400882604 0.98010845482349429 0.67738481797277905 0.86028076987713575 0.35902269184589386 0.2501537948846817 0.24909528996795416
leaf_count=39 17 11 35 7 14 19
internal_value=-0.000595005 0.0386507 0.0857382 -0.0822108 -0.081093 -0.0808845
internal_weight=3.72847 2.51777 1.53767 1.2107 0.851673 0.601519
internal_count=142 63 46 79 72 58
is_linear=0
shrinkage=0.08


Tree=46
num_leaves=7
num_cat=0
split_feature=0 3 9 12 6 10
split_gain=1.75878 0.810863 0.0635843 0.000486108 7.35629e-05 3.79752e-09
threshold=12.815000000000003 19.050000000000004 4.5500000000000007 676.50000000000011 2.4200000000000004 0.96500000000000008
decision_type=2 2 2 2 2 2
left_child=3 2 -2 4 5 -1
right_child=1 -3 -4 -5 -6 -7
leaf_value=-0.080689433665070906 0.09488634929019503 -0.017784014538695238 0.060859389390507501 -0.084827139518570308 -0.082433329369069497 -0.080672371263907361
leaf_weight=0.1688692029565575 0.6756769046187403 0.97289997804909933 0.73247955273836851 0.50768662616610527 0.28345030918717384 0.16510622669011354
leaf_count=20 9 36 34 13 10 20
internal_value=-0.000567036 0.0383816 0.0771866 -0.0829933 -0.0814855 -0.080681
internal_weight=3.50617 2.38106 1.40816 1.12511 0.617426 0.333975
internal_count=142 79 43 63 50 40
is_linear=0
shrinkage=0.08


Tree=47
num_leaves=7
num_cat=0
split_feature=6 12 9 12 12 0
split_gain=1.62635 1.19719 0.00160433 0.000364912 1.11353e-05 2.76448e-06
threshold=2.3100000000000005 722.50000000000011 4.6400000000000006 805.00000000000011 666.00000000000011 12.815000000000003
decision_type=2 2 2 2 2 2
left_child=3 -2 -3 4 5 -1
right_child=1 2 -4 -5 -6 -7
leaf_value=-0.080628105148987661 -0.033111296028465631 0.088119836883070859 0.08258839083516703 -0.084230184849329176 -0.081457538773944668 -0.080997315073864012
leaf_weight=0.30070912418887041 0.91840683296322856 0.59070509020239093 0.77698331326246262 0.31480761989951134 0.22674700804054737 0.22835374344140291
leaf_count=39 17 11 35 7 14 19
internal_value=-0.00057056 0.0375369 0.0849774 -0.0819417 -0.0809885 -0.0807875
internal_weight=3.35671 2.2861 1.36769 1.07062 0.75581 0.529063
internal_count=142 63 46 79 72 58
is_linear=0
shrinkage=0.08


Tree=48
num_leaves=7
num_cat=0
split_feature=12 6 3 5 6 0
split_gain=1.53753 0.665071 0.216546 0.000673682 3.10415e-06 1.55726e-06
threshold=676.50000000000011 2.4200000000000004 18.050000000000004 2.6100000000000008 1.7750000000000001 12.815000000000003
decision_type=2 2 2 2 2 2
left_child=3 -2 -3 4 5 -1
right_child=1 2 -4 -5 -6 -7
leaf_value=-0.080579825496870192 -0.02691031936503047 0.095430310153137715 0.033467235654610621 -0.085129802061897991 -0.081140938315577615 -0.080912652805497962
leaf_weight=0.16397900134325061 0.69713106285780702 0.81636908091604687 0.64707328379154205 0.41080892039462924 0.22427362110465765 0.19934880826622248
leaf_count=23 21 29 18 11 22 18
internal_value=-0.000541632 0.0373984 0.0680328 -0.0826445 -0.0809069 -0.0807624
internal_weight=3.15898 2.16057 1.46344 0.99841 0.587601 0.363328
internal_count=142 68 47 74 63 41
is_linear=0
shrinkage=0.08


Tree=49
num_leaves=7
num_cat=0
split_feature=0 11 4 12 6 10
split_gain=1.44512 0.656381 0.248587 0.000355645 4.12414e-05 1.9016e-09
threshold=12.815000000000003 2.6000000000000001 101.50000000000001 676.50000000000011 2.4200000000000004 0.96500000000000008
decision_type=2 2 2 2 2 2
left_child=3 -2 -3 4 5 -1
right_child=1 2 -4 -5 -6 -7
leaf_value=-0.080541217429688741 -0.036583768303116354 0.029315535356128242 0.09452182078910347 -0.08433618476247999 -0.081993259030549312 -0.080527613451908134
leaf_weight=0.13305156165733967 0.56657144241035018 0.69476871658116557 0.81090719345957041 0.44423018675297499 0.23467998392879963 0.13002718007192016
leaf_count=20 30 19 30 13 10 20
internal_value=-0.000532522 0.0368144 0.0644335 -0.0826907 -0.0812223 -0.0805345
internal_weight=3.01424 2.07225 1.50568 0.941989 0.497759 0.263079
internal_count=142 79 49 63 50 40
is_linear=0
shrinkage=0.08


Tree=50
num_leaves=6
num_cat=0
split_feature=12 0 11 5 7
split_gain=1.34276 0.653908 0.257887 0.000571348 1.84165e-06
threshold=676.50000000000011 12.945000000000002 2.8000000000000003 2.6100000000000008 0.41000000000000009
decision_type=2 2 2 2 2
left_child=3 -2 -3 4 -1
right_child=1 2 -4 -5 -6
leaf_value=-0.080939147472151515 -0.033831336129671805 0.018368769463712076 0.091032802697054452 -0.084906935548481069 -0.080635472097706037
leaf_weight=0.25963175483047995 0.59981814026832569 0.47554185241460778 0.91220085602253675 0.37307627219706774 0.25173422321677208
leaf_count=29 16 14 38 11 34
internal_value=-0.000524781 0.035965 0.0661328 -0.0825264 -0.0807897
internal_weight=2.872 1.98756 1.38774 0.884442 0.511366
internal_count=142 68 52 74 63
is_linear=0
shrinkage=0.08


Tree=51
num_leaves=7
num_cat=0
split_feature=6 12 9 12 12 0
split_gain=1.26309 0.962144 0.00109316 0.000212081 9.72564e-06 1.63705e-06
threshold=2.3100000000000005 722.50000000000011 4.5500000000000007 805.00000000000011 682.50000000000011 12.815000000000003
decision_type=2 2 2 2 2 2
left_child=3 -2 -3 4 5 -1
right_child=1 2 -4 -5 -6 -7
leaf_value=-0.08045483084889897 -0.031519409380550395 0.087195414287028317 0.082112625986242055 -0.083539187608519833 -0.081330219043580634 -0.080771495927083076
leaf_weight=0.22430992266163263 0.78754862397909153 0.48584221769124247 0.61184493731707335 0.2639530673623085 0.16312079504132271 0.19558403640985489
leaf_count=40 17 10 36 7 11 21
internal_value=-0.000505514 0.0359532 0.0843623 -0.0816578 -0.080806 -0.0806023
internal_weight=2.7322 1.88524 1.09769 0.846968 0.583015 0.419894
internal_count=142 63 46 79 72 61
is_linear=0
shrinkage=0.08


Tree=52
num_leaves=7
num_cat=0
split_feature=0 3 1 12 6 10
split_gain=1.1698 0.577848 0.0487956 0.000222281 2.3196e-05 9.43545e-10
threshold=12.815000000000003 19.050000000000004 1.7400000000000002 676.50000000000011 2.4200000000000004 0.96500000000000008
decision_type=2 2 2 2 2 2
left_child=3 2 -2 4 5 -1
right_child=1 -3 -4 -5 -6 -7
leaf_value=-0.08042500832404495 0.055582416068149378 -0.018639638332763272 0.090142157324582042 -0.083712040245036756 -0.081636424531938159 -0.080414209230667763
leaf_weight=0.1047830008901659 0.50646153464913346 0.74809400504454959 0.54052228620275855 0.37783785769715905 0.19435315765440464 0.10236801253631711
leaf_count=20 20 36 23 13 10 20
internal_value=-0.000475794 0.035057 0.0734244 -0.0823193 -0.0810087 -0.0804197
internal_weight=2.57442 1.79508 1.04698 0.779342 0.401504 0.207151
internal_count=142 79 43 63 50 40
is_linear=0
shrinkage=0.08


Tree=53
num_leaves=7
num_cat=0
split_feature=12 0 11 12 5 7
split_gain=1.11641 0.51543 0.252612 0.0102302 0.000401457 1.09984e-06
threshold=676.50000000000011 12.945000000000002 2.7450000000000006 862.50000000000011 2.6100000000000008 0.41000000000000009
decision_type=2 2 2 2 2 2
left_child=4 -2 -3 -4 5 -1
right_child=1 2 3 -5 -6 -7
leaf_value=-0.080786215291146032 -0.031697554690236225 0.012681931851657816 0.099645074725562763 0.081443051166066274 -0.084403383609765334 -0.080527054700655312
leaf_weight=0.21426560357213054 0.51918369717895974 0.40985416434705235 0.37429101765155792 0.41865844978019595 0.32560551771894097 0.20514147123321891
leaf_count=29 16 12 7 33 11 34
internal_value=-0.000477254 0.0349213 0.0636769 0.0900348 -0.0822957 -0.0806595
internal_weight=2.467 1.72199 1.2028 0.792949 0.745013 0.419407
internal_count=142 68 52 40 74 63
is_linear=0
shrinkage=0.08


Tree=54
num_leaves=7
num_cat=0
split_feature=6 4 3 12 12 0
split_gain=1.0595 0.821057 0.0557425 0.000136979 8.28935e-06 1.22449e-06
threshold=2.3100000000000005 94.500000000000014 18.050000000000004 805.00000000000011 682.50000000000011 12.815000000000003
decision_type=2 2 2 2 2 2
left_child=3 -2 -3 4 5 -1
right_child=1 2 -4 -5 -6 -7
leaf_value=-0.080357211679597834 -0.044052977853939954 0.092426117819959505 0.055897578268765589 -0.083091844472041751 -0.081224089613398262 -0.080659376213784648
leaf_weight=0.17659342708066139 0.55333363637328137 0.58812495321035363 0.4902169294655323 0.22823086008429527 0.14574012579396367 0.16700139874592423
leaf_count=40 19 26 18 7 11 21
internal_value=-0.00045907 0.0351688 0.0758202 -0.0814734 -0.0807185 -0.0805041
internal_weight=2.34924 1.63168 1.07834 0.717566 0.489335 0.343595
internal_count=142 63 44 79 72 61
is_linear=0
shrinkage=0.08


Tree=55
num_leaves=7
num_cat=0
split_feature=6 12 9 12 12 0
split_gain=0.965923 0.791923 0.000556429 0.000107298 6.50862e-06 9.6183e-07
threshold=2.3100000000000005 722.50000000000011 4.5500000000000007 805.00000000000011 682.50000000000011 12.815000000000003
decision_type=2 2 2 2 2 2
left_child=3 -2 -3 4 5 -1
right_child=1 2 -4 -5 -6 -7
leaf_value=-0.080329630888299766 -0.031206156643460756 0.085827335725784035 0.0818002414244966 -0.082846764987291877 -0.081128828906846376 -0.080608297044179017
leaf_weight=0.16306998161599073 0.67863508127629735 0.40052480343729258 0.486077138222754 0.21128157153725624 0.13468665257096291 0.15425544884055853
leaf_count=40 17 10 36 7 11 21
internal_value=-0.000450958 0.0338349 0.0836195 -0.0813585 -0.0806629 -0.0804651
internal_weight=2.22853 1.56524 0.886602 0.663294 0.452012 0.317325
internal_count=142 63 46 79 72 61
is_linear=0
shrinkage=0.08


Tree=56
num_leaves=8
num_cat=0
split_feature=12 0 11 12 5 6 0
split_gain=0.913093 0.430995 0.212362 0.00693377 0.000251082 8.58964e-07 5.93925e-07
threshold=676.50000000000011 12.945000000000002 2.7450000000000006 862.50000000000011 2.6100000000000008 1.9700000000000002 12.815000000000003
decision_type=2 2 2 2 2 2 2
left_child=4 -2 -3 -4 5 6 -1
right_child=1 2 3 -5 -6 -7 -8
leaf_value=-0.080304379896761549 -0.030818863639145426 0.012755828347462275 0.097526466541402887 0.081207072352702137 -0.083770935451746117 -0.080734474084542041 -0.080562739935687133
leaf_weight=0.097992865601554846 0.45850412733852852 0.35753939580172278 0.32545523438602686 0.3414296112023294 0.2849437624681741 0.10017747827805579 0.13594755856320262
leaf_count=26 16 12 7 33 11 17 20
internal_value=-0.000419703 0.0336477 0.0625012 0.0891713 -0.0820263 -0.0805385 -0.0804545
internal_weight=2.10199 1.48293 1.02442 0.666885 0.619062 0.334118 0.23394
internal_count=142 68 52 40 74 63 46
is_linear=0
shrinkage=0.08


Tree=57
num_leaves=7
num_cat=0
split_feature=0 3 1 12 6 10
split_gain=0.853938 0.423794 0.0364383 0.000116454 9.83501e-06 2.94137e-10
threshold=12.815000000000003 19.050000000000004 1.7400000000000002 676.50000000000011 2.4200000000000004 0.96500000000000008
decision_type=2 2 2 2 2 2
left_child=3 2 -2 4 5 -1
right_child=1 -3 -4 -5 -6 -7
leaf_value=-0.080284288390671893 0.052901219032153793 -0.018359846491983474 0.086550203882161086 -0.083023748161250771 -0.081221671352552594 -0.080276927945954299
leaf_weight=0.070334072923288082 0.40043904446065404 0.59546323027461767 0.42410106677561998 0.29856787994503975 0.1454642117023468 0.068674964131787419
leaf_count=20 20 36 23 13 10 20
internal_value=-0.000402224 0.0330683 0.0702085 -0.0819201 -0.0807618 -0.0802807
internal_weight=2.00304 1.42 0.82454 0.583041 0.284473 0.139009
internal_count=142 79 43 63 50 40
is_linear=0
shrinkage=0.08


Tree=58
num_leaves=7
num_cat=0
split_feature=6 12 0 12 12 0
split_gain=0.814762 0.667845 0.000394525 7.06414e-05 5.551e-06 7.04442e-07
threshold=2.3100000000000005 722.50000000000011 13.255000000000001 805.00000000000011 682.50000000000011 12.815000000000003
decision_type=2 2 2 2 2 2
left_child=3 -2 -3 4 5 -1
right_child=1 2 -4 -5 -6 -7
leaf_value=-0.080259001754670489 -0.029771109210876757 0.08525735304544306 0.081580595577808737 -0.082512747897953848 -0.081048663262870232 -0.080522314438332604
leaf_weight=0.12835472682490956 0.60086533054709412 0.3369243461638689 0.41912117274478078 0.1830456554889679 0.12078807502985001 0.13179160701110959
leaf_count=40 17 9 37 7 11 21
internal_value=-0.000405069 0.0331849 0.0832191 -0.0812211 -0.0806005 -0.0803924
internal_weight=1.92089 1.35691 0.756046 0.56398 0.380934 0.260146
internal_count=142 63 46 79 72 61
is_linear=0
shrinkage=0.08


Tree=59
num_leaves=6
num_cat=0
split_feature=12 5 1 5 7
split_gain=0.763518 0.348734 0.122824 0.00017689 4.50254e-07
threshold=676.50000000000011 2.4550000000000005 1.7150000000000001 2.6100000000000008 0.41000000000000009
decision_type=2 2 2 2 2
left_child=3 -2 -3 4 -1
right_child=1 2 -4 -5 -6
leaf_value=-0.080550859179642512 -0.021627906287975392 0.025962027851792857 0.089604214733643897 -0.083396843233430384 -0.080345777264082333
leaf_weight=0.14264770224690448 0.47671348229050614 0.3200758658349514 0.49300893931649625 0.24905594508163631 0.13183605880476534
leaf_count=29 22 17 29 11 34
internal_value=-0.000373986 0.0326991 0.0645511 -0.0818531 -0.0804524
internal_weight=1.81334 1.2898 0.813085 0.52354 0.274484
internal_count=142 68 46 74 63
is_linear=0
shrinkage=0.08


end of trees

feature_importances:
proline=94
flavanoids=72
alcohol=59
magnesium=30
malic_acid=21
od280/od315_of_diluted_wines=17
color_intensity=12
hue=11
alcalinity_of_ash=8
total_phenols=8
proanthocyanins=7
nonflavanoid_phenols=4
ash=1

parameters:
[boosting: gbdt]
[objective: binary]
[metric: binary_logloss]
[tree_learner: serial]
[device_type: cpu]
[data_sample_strategy: bagging]
[data: ]
[valid: ]
[num_iterations: 60]
[learning_rate: 0.08]
[num_leaves: 31]
[num_threads: 8]
[seed: 42]
[deterministic: 0]
[force_col_wise: 0]
[force_row_wise: 0]
[histogram_pool_size: -1]
[max_depth: 4]
[min_data_in_leaf: 20]
[min_sum_hessian_in_leaf: 0.001]
[bagging_fraction: 1]
[pos_bagging_fraction: 1]
[neg_bagging_fraction: 1]
[bagging_freq: 0]
[bagging_seed: 400]
[bagging_by_query: 0]
[feature_fraction: 1]
[feature_fraction_bynode: 1]
[feature_fraction_seed: 30056]
[extra_trees: 0]
[extra_seed: 12879]
[early_stopping_round: 0]
[early_stopping_min_delta: 0]
[first_metric_only: 0]
[max_delta_step: 0]
[lambda_l1: 0]
[lambda_l2: 0]
[linear_lambda: 0]
[min_gain_to_split: 0]
[drop_rate: 0.1]
[max_drop: 50]
[skip_drop: 0.5]
[xgboost_dart_mode: 0]
[uniform_drop: 0]
[drop_seed: 17869]
[top_rate: 0.2]
[other_rate: 0.1]
[min_data_per_group: 100]
[max_cat_threshold: 32]
[cat_l2: 10]
[cat_smooth: 10]
[max_cat_to_onehot: 4]
[top_k: 20]
[monotone_constraints: ]
[monotone_constraints_method: basic]
[monotone_penalty: 0]
[feature_contri: ]
[forcedsplits_filename: ]
[refit_decay_rate: 0.9]
[cegb_tradeoff: 1]
[cegb_penalty_split: 0]
[cegb_penalty_feature_lazy: ]
[cegb_penalty_feature_coupled: ]
[path_smooth: 0]
[interaction_constraints: ]
[verbosity: 1]
[saved_feature_importance_type: 0]
[use_quantized_grad: 0]
[num_grad_quant_bins: 4]
[quant_train_renew_leaf: 0]
[stochastic_rounding: 1]
[linear_tree: 0]
[max_bin: 255]
[max_bin_by_feature: ]
[min_data_in_bin: 3]
[bin_construct_sample_cnt: 200000]
[data_random_seed: 175]
[is_enable_sparse: 1]
[enable_bundle: 1]
[use_missing: 1]
[zero_as_missing: 0]
[feature_pre_filter: 1]
[pre_partition: 0]
[two_round: 0]
[header: 0]
[label_column: ]
[weight_column: ]
[group_column: ]
[ignore_column: ]
[categorical_feature: ]
[forcedbins_filename: ]
[precise_float_parser: 0]
[parser_config_file: ]
[objective_seed: 16083]
[num_class: 1]
[is_unbalance: 0]
[scale_pos_weight: 1]
[sigmoid: 1]
[boost_from_average: 1]
[reg_sqrt: 0]
[alpha: 0.9]
[fair_c: 1]
[poisson_max_delta_step: 0.7]
[tweedie_variance_power: 1.5]
[lambdarank_truncation_level: 30]
[lambdarank_norm: 1]
[label_gain: ]
[lambdarank_position_bias_regularization: 0]
[eval_at: ]
[multi_error_top_k: 1]
[auc_mu_weights: ]
[num_machines: 1]
[local_listen_port: 12400]
[time_out: 120]
[machine_list_filename: ]
[machines: ]
[gpu_platform_id: -1]
[gpu_device_id: -1]
[gpu_use_dp: 0]
[num_gpu: 1]

end of parameters

pandas_categorical:[]
