tree
version=v4
num_class=1
num_tree_per_iteration=1
label_index=0
max_feature_idx=8
objective=binary sigmoid:1
feature_names=age education-num hours-per-week capital-gain sex workclass education marital-status occupation
feature_infos=[17:90] [1:16] [1:99] [0:99999] [0:1] -1:3:5:1:6:4:0:7:2 -1:11:15:9:12:8:1:7:0:5:14:6:2:10:4:3 -1:2:4:0:5:6:3 -1:9:2:3:0:11:7:6:13:5:4:12:10:8:1
tree_sizes=986 992 988 1006 997 987 1007 992 1001 987 1010 1004 1011 995 993 1009 1001 995 1000 987 996 1002 1014 999 1012 1016 1014 1017 992 1002

Tree=0
num_leaves=8
num_cat=1
split_feature=7 1 3 3 3 1 2
split_gain=4762.75 1947.47 1063.3 933.903 254.346 203.464 7.31662
threshold=0 12.500000000000002 7073.5000000000009 5095.5000000000009 5095.5000000000009 13.500000000000002 35.500000000000007
decision_type=9 2 2 2 2 2 2
left_child=1 3 5 -1 -3 -2 -4
right_child=2 4 6 -5 -6 -7 -8
leaf_value=-1.1235320196606786 -1.237198695504766 -0.96052423741730386 -0.93529765686241406 -0.82287034765924338 -0.81765740008716503 -1.1339096876567853 -0.82203871589760191
leaf_weight=1368.6612966954708 2243.8658955842257 515.76189126074314 4.022247999906539 69.475192725658417 94.339998543262482 129.07759490609169 39.491162180900574
leaf_count=7486 12273 2821 22 380 516 706 216
internal_value=-1.14815 -1.05864 -1.22408 -1.10901 -0.938433 -1.23158 -0.832508
internal_weight=4464.7 2048.24 2416.46 1438.14 610.102 2372.94 43.5134
internal_count=24420 11203 13217 7866 3337 12979 238
cat_boundaries=0 1
cat_threshold=4
is_linear=0
shrinkage=1


Tree=1
num_leaves=8
num_cat=2
split_feature=7 8 3 3 1 1 2
split_gain=4006.01 1531.01 836.976 426.723 401.949 201.28 4.13254
threshold=0 1 7073.5000000000009 5095.5000000000009 12.500000000000002 12.500000000000002 35.500000000000007
decision_type=9 9 2 2 2 2 2
left_child=1 4 5 -3 -1 -2 -4
right_child=2 3 6 -5 -6 -7 -8
leaf_value=0.093599000422771098 -0.0923632159429911 -0.0067011012646027851 0.17604630853788034 0.25085539978333904 0.18784946281285975 -0.0329152048720966 0.25677216269325098
leaf_weight=567.06676246225834 1813.4137899279594 939.02028760313988 4.4530438780784598 43.057786658406258 591.82345522940159 456.20643264055252 45.814465641975403
leaf_count=3032 10402 5041 22 203 2927 2577 216
internal_value=-0.000269372 0.0784574 -0.0729482 0.00454481 0.140518 -0.0804138 0.249621
internal_weight=4460.86 2140.97 2319.89 982.078 1158.89 2269.62 50.2675
internal_count=24420 11203 13217 5244 5959 12979 238
cat_boundaries=0 1 2
cat_threshold=4 7689
is_linear=0
shrinkage=0.08


Tree=2
num_leaves=8
num_cat=2
split_feature=7 8 3 3 3 1 3
split_gain=3401.94 1176.14 690.46 390.243 282.23 192.575 2.96454
threshold=0 1 7073.5000000000009 5095.5000000000009 5095.5000000000009 12.500000000000002 30961.500000000004
decision_type=9 9 2 2 2 2 2
left_child=1 4 5 -3 -1 -2 -4
right_child=2 3 6 -5 -6 -7 -8
leaf_value=0.113753012268223 -0.089732577839535546 0.00094461196721742555 0.21630923234990726 0.21656229078148451 0.23331349746614671 -0.030854344577580135 0.15290287557571086
leaf_weight=944.82655647397041 1721.0512704253197 1066.3281504660845 49.466926455497742 56.571392640471458 145.86763428151608 448.08986273407936 5.2169387340545645
leaf_count=4608 10402 5699 215 247 649 2577 23
internal_value=-0.000449315 0.0696028 -0.0701765 0.0117032 0.128564 -0.0775698 0.21026
internal_weight=4437.42 2213.59 2223.82 1122.9 1090.69 2169.14 54.6839
internal_count=24420 11203 13217 5946 5257 12979 238
cat_boundaries=0 1 2
cat_threshold=4 7688
is_linear=0
shrinkage=0.08


Tree=3
num_leaves=8
num_cat=1
split_feature=7 1 3 3 3 1 3
split_gain=2909.84 954.269 588.566 267.367 254.439 173.824 31.0384
threshold=0 9.5000000000000018 4668.5000000000009 5095.5000000000009 5095.5000000000009 12.500000000000002 7792.0000000000009
decision_type=9 2 2 2 2 2 2
left_child=1 4 5 -3 -1 -2 -4
right_child=2 3 6 -5 -6 -7 -8
leaf_value=-0.0081658478620989135 -0.087685166322094124 0.092379175172246308 0.059236887540497836 0.19925440643222206 0.19195757792953025 -0.030672730509754546 0.18760277706299719
leaf_weight=897.44721174240112 1625.2914997637272 1157.5562676936388 15.438523724675177 172.07755421102047 42.58957377076149 433.55531376600266 55.012759521603584
leaf_count=4738 10363 5569 89 718 178 2537 228
internal_value=-0.000570344 0.0623197 -0.0675816 0.106211 0.000901001 -0.0756794 0.159473
internal_weight=4398.97 2269.67 2129.3 1329.63 940.037 2058.85 70.4513
internal_count=24420 11203 13217 6287 4916 12900 317
cat_boundaries=0 1
cat_threshold=4
is_linear=0
shrinkage=0.08


Tree=4
num_leaves=8
num_cat=2
split_feature=7 8 3 1 3 1 3
split_gain=2501.56 840.155 507.708 224.919 222.5 167.435 25.7191
threshold=0 1 4668.5000000000009 12.500000000000002 5095.5000000000009 12.500000000000002 7792.0000000000009
decision_type=9 9 2 2 2 2 2
left_child=1 3 5 -1 -3 -2 -4
right_child=2 4 6 -5 -6 -7 -8
leaf_value=0.064391962036421765 -0.085404619976060539 -0.0081777834137553278 0.052809467086893824 0.13058562546787922 0.16427578762605452 -0.028735578265587442 0.16796471733128454
leaf_weight=632.99021035432816 1538.7569003105164 947.39283430576324 15.910910621285437 683.02908329665661 50.430047005414963 426.07910187542439 56.457725957036018
leaf_count=3032 10363 5041 89 2927 203 2537 228
internal_value=-0.000654394 0.0561527 -0.0651315 0.0980025 0.000532695 -0.0731158 0.142647
internal_weight=4351.05 2313.84 2037.2 1316.02 997.823 1964.84 72.3686
internal_count=24420 11203 13217 5959 5244 12900 317
cat_boundaries=0 1 2
cat_threshold=4 7689
is_linear=0
shrinkage=0.08


Tree=5
num_leaves=8
num_cat=2
split_feature=7 8 3 3 1 0 3
split_gain=2159.85 694.8 441.631 326.465 164.968 108.429 22.2184
threshold=0 1 4668.5000000000009 5095.5000000000009 13.500000000000002 29.500000000000004 7792.0000000000009
decision_type=9 9 2 2 2 2 2
left_child=1 5 4 -3 -2 -1 -4
right_child=2 3 6 -5 -6 -7 -8
leaf_value=0.01317049578416638 -0.076821743623042893 0.0075980784710567364 0.047290436870629497 0.16061160920347145 0.020652651781231133 0.11733128265964432 0.15315050244584119
leaf_weight=69.567309007048607 1756.1475632935762 1387.0355760008097 16.327717065811157 95.375707015395164 118.62784767150879 793.69870008528233 56.938484385609627
leaf_count=305 12212 7088 89 383 688 3427 228
internal_value=-0.000714733 0.050898 -0.0628015 0.0173258 -0.070654 0.10769 0.129559
internal_weight=4293.72 2345.68 1948.04 1482.41 1874.78 863.266 73.2662
internal_count=24420 11203 13217 7471 12900 3732 317
cat_boundaries=0 1 2
cat_threshold=4 4616
is_linear=0
shrinkage=0.08


Tree=6
num_leaves=8
num_cat=1
split_feature=7 1 3 0 3 1 3
split_gain=1869.7 600.846 386.271 193.873 164.157 162.939 19.7697
threshold=0 9.5000000000000018 4668.5000000000009 33.500000000000007 5095.5000000000009 12.500000000000002 7792.0000000000009
decision_type=9 2 2 2 2 2 2
left_child=1 4 5 -3 -1 -2 -4
right_child=2 3 6 -5 -6 -7 -8
leaf_value=-0.010100296859062734 -0.081356518933703201 0.023588169432232978 0.04250462405476136 0.095071602143360426 0.14765323563370975 -0.023757161744598344 0.14155142436654455
leaf_weight=906.12961791455746 1382.4063709527254 310.84859611093998 16.696401923894882 1109.5658947229385 44.279344752430916 406.81483729183674 56.682148367166519
leaf_count=4738 10363 1409 89 4878 178 2537 228
internal_value=-0.000754249 0.0462892 -0.0605572 0.0794279 -0.00275059 -0.0682602 0.119015
internal_weight=4233.42 2370.82 1862.6 1420.41 950.409 1789.22 73.3786
internal_count=24420 11203 13217 6287 4916 12900 317
cat_boundaries=0 1
cat_threshold=4
is_linear=0
shrinkage=0.08


Tree=7
num_leaves=8
num_cat=2
split_feature=7 8 3 3 2 3 3
split_gain=1621.55 539.452 339.212 180.483 157.462 145.293 28.3711
threshold=0 1 4668.5000000000009 5095.5000000000009 44.500000000000007 5095.5000000000009 4826.0000000000009
decision_type=9 9 2 2 2 2 2
left_child=1 3 4 -1 -2 -3 -4
right_child=2 5 6 -5 -6 -7 -8
leaf_value=0.064068190809280987 -0.078075032104714073 -0.009600250753256526 0.31896478144029 0.15150051290962696 -0.017280744955644311 0.13065302002106313 0.098340797290216331
leaf_weight=1214.6342273801565 1367.0110872834921 954.71029362082481 3.9437438547611228 172.57030740380287 340.60267190635204 49.733810916543007 68.944957390427589
leaf_count=5266 10410 5041 21 693 2490 203 296
internal_value=-0.000786396 0.0421778 -0.0584067 0.0744085 -0.0659489 -0.0026296 0.110278
internal_weight=4172.15 2391.65 1780.5 1387.2 1707.61 1004.44 72.8887
internal_count=24420 11203 13217 5959 12900 5244 317
cat_boundaries=0 1 2
cat_threshold=4 7689
is_linear=0
shrinkage=0.08


Tree=8
num_leaves=8
num_cat=1
split_feature=7 1 3 3 1 2 2
split_gain=1409.51 471.1 302.819 232.586 170.908 59.675 3.83287
threshold=0 12.500000000000002 7073.5000000000009 5095.5000000000009 12.500000000000002 31.500000000000004 35.500000000000007
decision_type=9 2 2 2 2 2 2
left_child=1 3 4 -1 -2 -3 -4
right_child=2 5 6 -5 -6 -7 -8
leaf_value=0.0059010967723154787 -0.077352702914036064 0.013733122305771941 0.060094832807470085 0.1363826779724826 -0.017007091199246826 0.094763423205047673 0.13060588556047795
leaf_weight=1498.8281500935555 1252.044618666172 63.078907832503319 5.4507754743099204 92.847003147006035 395.16754622757435 746.99369198083878 52.030642986297607
leaf_count=7486 10402 267 22 380 2577 3070 216
internal_value=-0.000800014 0.0386282 -0.0562471 0.0135125 -0.0628757 0.0884537 0.12392
internal_weight=4106.44 2401.75 1704.69 1591.68 1647.21 810.073 57.4814
internal_count=24420 11203 13217 7866 12979 3337 238
cat_boundaries=0 1
cat_threshold=4
is_linear=0
shrinkage=0.08


Tree=9
num_leaves=8
num_cat=3
split_feature=7 8 3 1 8 0 2
split_gain=1227.6 417.3 267.137 203.209 171.111 77.6519 3.54897
threshold=0 1 7073.5000000000009 8.5000000000000018 2 26.500000000000004 35.500000000000007
decision_type=9 9 2 2 9 2 2
left_child=1 5 4 -3 -2 -1 -4
right_child=2 3 6 -5 -6 -7 -8
leaf_value=-0.054414763586631221 -0.012783861844566128 -0.059520446329426012 0.055624274460428245 0.022033433414283734 -0.075440938882719952 0.083294020387281606 0.12374517782072143
leaf_weight=27.01661092042923 385.60671453922987 230.92046138644218 5.4190518707036963 1276.2117723077536 1188.8573898822069 873.94411979615688 50.580697491765022
leaf_count=116 2836 1239 22 6232 10143 3616 216
internal_value=-0.000802441 0.0354408 -0.0542162 0.00947501 -0.0606558 0.0782956 0.117153
internal_weight=4038.56 2408.09 1630.46 1507.13 1574.46 900.961 55.9997
internal_count=24420 11203 13217 7471 12979 3732 238
cat_boundaries=0 1 2 3
cat_threshold=4 4616 1544
is_linear=0
shrinkage=0.08


Tree=10
num_leaves=8
num_cat=1
split_feature=7 1 3 2 3 1 3
split_gain=1069.34 361.424 238.926 158.987 158.635 123.158 22.4827
threshold=0 9.5000000000000018 4668.5000000000009 44.500000000000007 5095.5000000000009 7.5000000000000009 4826.0000000000009
decision_type=9 2 2 2 2 2 2
left_child=1 5 3 -2 -3 -1 -4
right_child=2 4 6 -5 -6 -7 -8
leaf_value=-0.058274309869200493 -0.072747201051457433 0.047992337359906677 0.26790049185528858 -0.0085715233352489147 0.13004029896031172 0.010005013633761066 0.08084233803977442
leaf_weight=219.83438776433468 1179.748002640903 1293.6367721557617 4.3905919790267935 312.50338132679462 170.71715039014816 732.12800101935863 64.855591714382172
leaf_count=1201 10410 5569 21 2490 718 3715 296
internal_value=-0.000825494 0.0324768 -0.0522321 -0.0593077 0.0575576 -0.00576257 0.0927029
internal_weight=3977.81 2416.32 1561.5 1492.25 1464.35 951.962 69.2462
internal_count=24420 11203 13217 12900 6287 4916 317
cat_boundaries=0 1
cat_threshold=4
is_linear=0
shrinkage=0.08


Tree=11
num_leaves=8
num_cat=2
split_feature=7 8 1 0 0 3 3
split_gain=931.652 330.295 223.488 153.367 144.661 105.997 90.667
threshold=0 1 12.500000000000002 29.500000000000004 33.500000000000007 5095.5000000000009 7792.0000000000009
decision_type=9 9 2 2 2 2 2
left_child=1 4 6 -4 -1 -3 -2
right_child=2 5 3 -5 -6 -7 -8
leaf_value=0.0060072596401236269 -0.072450210820138375 -0.011009711908994054 -0.069902331766236919 0.035194503548433828 0.068448781529416206 0.11303788946059878 0.097545959788870318
leaf_weight=302.03843514621258 1075.0675793290138 959.87760792672634 132.69396595656872 269.04480025172234 1110.5389558821917 46.207921043038368 20.46157518029213
leaf_count=1290 10405 5041 945 1775 4669 203 92
internal_value=-0.000820984 0.0298455 -0.0502231 0.00048111 0.0547102 -0.00526012 -0.0692751
internal_weight=3915.93 2418.66 1497.27 401.739 1412.58 1006.09 1095.53
internal_count=24420 11203 13217 2720 5959 5244 10497
cat_boundaries=0 1 2
cat_threshold=4 7689
is_linear=0
shrinkage=0.08


Tree=12
num_leaves=8
num_cat=1
split_feature=7 1 1 0 0 3 3
split_gain=812.258 303.38 208.375 183.632 133.202 81.1599 58.4074
threshold=0 12.500000000000002 12.500000000000002 35.500000000000007 29.500000000000004 7792.0000000000009 5095.5000000000009
decision_type=9 2 2 2 2 2 2
left_child=1 3 5 -1 -4 -2 -3
right_child=2 6 4 -5 -6 -7 -8
leaf_value=-0.032125078839278357 -0.070652500348463779 0.05875754049697058 -0.067390253663020372 0.025933411167424838 0.031751875594163079 0.092959658669781314 0.12011680618979549
leaf_weight=511.04606319963932 1016.6396450921893 692.99337360262871 126.87142151594162 1097.2358888238668 274.13272729516029 19.781513899564743 115.88954821228981
leaf_count=2539 10405 2821 945 5327 1775 92 516
internal_value=-0.000819381 0.027471 -0.0482477 0.0074848 0.000384861 -0.0675297 0.0675486
internal_weight=3854.59 2417.16 1437.43 1608.28 401.004 1036.42 808.883
internal_count=24420 11203 13217 7866 2720 10497 3337
cat_boundaries=0 1
cat_threshold=4
is_linear=0
shrinkage=0.08


Tree=13
num_leaves=8
num_cat=2
split_feature=0 8 3 7 3 0 1
split_gain=739.098 469.585 177.069 149.115 57.4536 45.0601 3.73436
threshold=29.500000000000004 0 7073.5000000000009 1 5095.5000000000009 25.500000000000004 9.5000000000000018
decision_type=2 9 2 9 2 2 2
left_child=4 2 -2 -3 5 -1 -6
right_child=1 3 -4 -5 6 -7 -8
leaf_value=-0.083910067301309441 0.034032107788136111 -0.0025839889799533417 0.11720388255966857 -0.06631509834256992 0.020668215205501741 -0.046404286119321847 0.10620630189789461
leaf_weight=503.1694760248065 1726.1985910758376 666.44639846682549 180.99857170879841 357.44158254563808 4.5069822221994427 345.97330264747143 11.867416992783545
leaf_count=4763 9259 3372 828 3666 21 2458 53
internal_value=-0.000810468 0.0183703 0.0417067 -0.0252589 -0.0657666 -0.0686288 0.0826623
internal_weight=3796.6 2931.09 1907.2 1023.89 865.517 849.143 16.3744
internal_count=24420 17125 10087 7038 7295 7221 74
cat_boundaries=0 1 2
cat_threshold=7692 4
is_linear=0
shrinkage=0.08


Tree=14
num_leaves=8
num_cat=2
split_feature=0 8 3 7 3 0 1
split_gain=655.089 412.341 172.256 136.298 38.2986 28.9502 1.99436
threshold=28.500000000000004 0 7073.5000000000009 1 5095.5000000000009 24.500000000000004 10.500000000000002
decision_type=2 9 2 9 2 2 2
left_child=4 2 -2 -3 5 -1 -6
right_child=1 3 -4 -5 6 -7 -8
leaf_value=-0.08524849521400743 0.029954816746709786 -0.0037495452624851846 0.11295524304856036 -0.064557923481475571 0.036299060468671485 -0.053145466226452366 0.099091280739979679
leaf_weight=397.89707623422146 1794.0998667255044 685.572574660182 175.6989239603281 354.7175519540906 6.4015252292156202 327.95850962400436 6.5489968061447144
leaf_count=4135 9589 3478 839 3826 30 2493 30
internal_value=-0.000809241 0.0157585 0.0371695 -0.0249012 -0.0683106 -0.0707436 0.0680527
internal_weight=3748.9 3010.09 1969.8 1040.29 738.806 725.856 12.9505
internal_count=24420 17732 10428 7304 6688 6628 60
cat_boundaries=0 1 2
cat_threshold=7692 4
is_linear=0
shrinkage=0.08


Tree=15
num_leaves=8
num_cat=1
split_feature=7 3 1 2 3 1 0
split_gain=588.128 239.402 215.631 182.23 93.3398 82.6196 1.71833
threshold=0 5095.5000000000009 8.5000000000000018 44.500000000000007 4668.5000000000009 12.500000000000002 60.500000000000007
decision_type=9 2 2 2 2 2 2
left_child=1 2 -1 4 -2 -5 -3
right_child=3 6 -4 5 -6 -7 -8
leaf_value=-0.058516966752385227 -0.065751072316185807 0.11313093214179519 0.02387342924534926 -0.029160989772148586 0.069314981870056538 0.053239818794768842 0.089172883129378419
leaf_weight=226.42939226329327 954.08694586157799 162.75257484614849 1990.3041899204254 168.57692907005548 33.909543216228485 144.73829842358828 21.715897008776665
leaf_count=1276 10410 792 9031 1726 169 912 104
internal_value=-0.000804206 0.0226502 0.0154576 -0.0439193 -0.0611154 0.00890468 0.110311
internal_weight=3702.51 2401.2 2216.73 1301.31 987.996 313.315 184.468
internal_count=24420 11203 10307 13217 10579 2638 896
cat_boundaries=0 1
cat_threshold=4
is_linear=0
shrinkage=0.08


Tree=16
num_leaves=8
num_cat=2
split_feature=0 8 2 7 0 3 3
split_gain=554.716 315.713 132.554 106.074 67.7848 39.6586 10.0731
threshold=30.500000000000004 0 34.500000000000007 1 25.500000000000004 5095.5000000000009 7073.5000000000009
decision_type=2 9 2 9 2 2 2
left_child=4 2 -2 -3 6 -6 -1
right_child=1 3 -4 -5 5 -7 -8
leaf_value=-0.080085694742842883 -0.039098543377845671 -0.0024832024926038083 0.04213552485708523 -0.059964801406356363 -0.0387144046499764 0.095063542813697985 0.041907153941790079
leaf_weight=430.59681986272335 139.06165310740471 642.28698405623436 1701.8711720183492 295.68702249228954 420.56418008357286 14.677308082580565 4.3758994787931433
leaf_count=4767 790 3257 8933 3500 3081 71 21
internal_value=-0.000785388 0.0166691 0.0358047 -0.0210451 -0.0565239 -0.0342031 -0.0788584
internal_weight=3649.12 2778.91 1840.93 937.974 870.214 435.241 434.973
internal_count=24420 16480 9723 6757 7940 3152 4788
cat_boundaries=0 1 2
cat_threshold=7692 4
is_linear=0
shrinkage=0.08


Tree=17
num_leaves=8
num_cat=2
split_feature=0 1 7 2 0 7 3
split_gain=490.01 289.465 176.093 70.8394 33.9107 20.1426 6.89452
threshold=28.500000000000004 12.500000000000002 0 41.500000000000007 24.500000000000004 1 7073.5000000000009
decision_type=2 2 9 2 2 9 2
left_child=4 2 -2 -3 6 -6 -1
right_child=1 3 -4 -5 5 -7 -8
leaf_value=-0.082181661980443479 0.0091005229728202772 0.027238981905375922 -0.045707698366759156 0.06934262069756876 -0.020051049330075288 -0.064814292190695899 0.027482793497583171
leaf_weight=336.9588605761528 1438.223631888628 533.32326243817806 496.66260839998722 491.39190930128098 160.63521130383015 151.19471784681082 3.7094307988882056
leaf_count=4136 6911 2688 5819 2314 836 1698 18
internal_value=-0.000785204 0.01305 -0.0051573 0.0474294 -0.0635389 -0.0444766 -0.0809876
internal_weight=3612.1 2959.6 1934.89 1024.72 652.498 311.83 340.668
internal_count=24420 17732 12730 5002 6688 2534 4154
cat_boundaries=0 1 2
cat_threshold=4 12
is_linear=0
shrinkage=0.08


Tree=18
num_leaves=8
num_cat=2
split_feature=0 8 3 3 7 1 3
split_gain=435.164 254.69 145.395 82.2121 65.6924 45.3747 24.5945
threshold=30.500000000000004 0 7073.5000000000009 4243.5000000000009 1 12.500000000000002 7937.0000000000009
decision_type=2 9 2 2 9 2 2
left_child=4 2 -2 -3 6 -6 -1
right_child=1 3 -4 -5 5 -7 -8
leaf_value=-0.075770879894219448 0.023241920758024365 -0.030829724944171417 0.10385329613039329 0.085508033131320396 -0.040817767482208493 0.026815728074983274 0.068687875397619849
leaf_weight=457.55250319093466 1831.4208928272128 737.00079366564751 155.34459075331688 41.040114022791386 255.75285889208317 84.446974359452724 7.6691898405551902
leaf_count=6083 9773 5661 843 203 1458 360 39
internal_value=-0.000792839 0.0142818 0.0293969 -0.0243798 -0.0525404 -0.0233431 -0.0718452
internal_weight=3570.23 2764.81 1986.77 778.041 805.422 340.2 465.222
internal_count=24420 16480 10616 5864 7940 1818 6122
cat_boundaries=0 1 2
cat_threshold=15884 49
is_linear=0
shrinkage=0.08


Tree=19
num_leaves=8
num_cat=0
split_feature=0 3 2 0 3 2 0
split_gain=389.578 254.257 217.621 22.4867 14.8704 1.89581 1.03242
threshold=27.500000000000004 7073.5000000000009 41.500000000000007 23.500000000000004 7073.5000000000009 54.500000000000007 60.500000000000007
decision_type=2 2 2 2 2 2 2
left_child=3 2 -2 5 -5 -1 -3
right_child=1 6 -4 4 -6 -7 -8
leaf_value=-0.083930149110893928 -0.012606877797937793 0.10371253690091163 0.03340141709653803 -0.051503540177831417 0.09415438429979478 -0.047896534644323994 0.08472982768882581
leaf_weight=239.2309660539031 1791.8708959594369 162.3907962590456 1039.7788669094443 258.33459462970495 4.5650023669004431 9.7244132384657842 20.670612275600433
leaf_count=3470 11776 907 5595 2423 23 115 111
internal_value=-0.000761709 0.0101945 0.00428732 -0.0652915 -0.0489743 -0.0825226 0.101569
internal_weight=3526.57 3014.71 2831.65 511.855 262.9 248.955 183.061
internal_count=24420 18389 17371 6031 2446 3585 1018
is_linear=0
shrinkage=0.08


Tree=20
num_leaves=8
num_cat=2
split_feature=7 8 2 3 3 3 1
split_gain=370.348 184.22 138.79 96.8842 63.4996 56.6839 49.1441
threshold=0 1 42.500000000000007 5095.5000000000009 7792.0000000000009 5095.5000000000009 12.500000000000002
decision_type=9 9 2 2 2 2 2
left_child=1 5 4 -3 -2 -1 -4
right_child=2 3 6 -5 -6 -7 -8
leaf_value=0.037267497400750117 -0.05937476594002776 -0.0068757443610987096 -0.02438278069902966 0.09647987557914639 0.086667544416160189 0.10243126641034948 0.038686068930472321
leaf_weight=921.82603019475937 797.06755226477981 1282.1606034785509 161.34072010219097 60.797393649816513 19.520999282598495 94.159922584891319 155.0703786239028
leaf_count=3877 10331 6430 1832 339 108 557 946
internal_value=-0.000721589 0.017328 -0.0381179 -0.00218047 -0.0558835 0.0428847 0.00652672
internal_weight=3491.94 2358.94 1133 1342.96 816.589 1015.99 316.411
internal_count=24420 11203 13217 6769 10439 4434 2778
cat_boundaries=0 1 2
cat_threshold=4 4617
is_linear=0
shrinkage=0.08


Tree=21
num_leaves=8
num_cat=2
split_feature=0 1 7 2 8 1 2
split_gain=335.989 186.539 94.1634 85.4223 78.9405 58.2351 33.7446
threshold=33.500000000000007 9.5000000000000018 0 34.500000000000007 1 12.500000000000002 40.500000000000007
decision_type=2 2 9 2 9 2 2
left_child=2 3 6 -2 -3 -4 -1
right_child=1 4 5 -5 -6 -7 -8
leaf_value=-0.077080218851796597 -0.075155629851210326 -0.00954518012160048 -0.031140289656944545 -0.0029644078273188788 0.041284474232932328 0.027556386277316457 -0.02898664607526541
leaf_weight=369.52458653226495 120.44258278608322 233.92235373705626 391.2747945562005 812.99092239141464 1239.3964563906193 149.51484060287476 124.9402980953455
leaf_count=5763 974 1623 2189 5486 6421 641 1323
internal_value=-0.000691033 0.0157018 -0.038801 -0.0122794 0.0334296 -0.0146414 -0.063641
internal_weight=3442.01 2406.75 1035.25 933.434 1473.32 540.79 494.465
internal_count=24420 14504 9916 6460 8044 2830 7086
cat_boundaries=0 1 2
cat_threshold=49 8369
is_linear=0
shrinkage=0.08


Tree=22
num_leaves=8
num_cat=1
split_feature=0 3 8 0 2 2 0
split_gain=299.863 206.574 181.135 22.9179 12.9468 1.95174 1.17119
threshold=27.500000000000004 7073.5000000000009 0 23.500000000000004 41.500000000000007 54.500000000000007 60.500000000000007
decision_type=2 2 9 2 2 2 2
left_child=3 2 -2 5 -5 -1 -3
right_child=1 6 -4 4 -6 -7 -8
leaf_value=-0.082112263266747892 0.01641112112550543 0.098773493701227649 -0.028445483173011672 -0.057119561647767679 -0.017434804298293909 -0.0441931044346726 0.077454169175339913
leaf_weight=202.38326458260417 1992.6157763488591 143.82254049181938 799.08196534961462 164.51890055090189 77.34958428516984 9.0769154503941518 18.627491652965546
leaf_count=3470 10895 907 6476 1812 634 115 111
internal_value=-0.000665018 0.00863162 0.00352848 -0.0612472 -0.0444284 -0.0804846 0.0963289
internal_weight=3407.48 2954.15 2791.7 453.329 241.868 211.46 162.45
internal_count=24420 18389 17371 6031 2446 3585 1018
cat_boundaries=0 1
cat_threshold=15884
is_linear=0
shrinkage=0.08


Tree=23
num_leaves=8
num_cat=2
split_feature=7 1 3 8 2 1 3
split_gain=284.607 161.353 119.795 115.756 57.2398 47.6448 18.0396
threshold=0 8.5000000000000018 5095.5000000000009 1 40.500000000000007 14.500000000000002 5095.5000000000009
decision_type=9 2 2 9 2 2 2
left_child=1 6 -3 5 -5 -2 -1
right_child=3 2 -4 4 -6 -7 -8
leaf_value=-0.054104324441702316 -0.006968926595280589 0.016979855983475307 0.0959963817700204 -0.067727555988557564 -0.014326538017362065 0.093064634924087702 0.084341857641969234
leaf_weight=213.20352488011122 324.41271476075053 1969.3552244007587 130.96116894483566 525.1887298822403 170.060771740973 33.631218194961548 6.1985572278499594
leaf_count=1276 2775 9031 864 8390 1857 195 32
internal_value=-0.000633953 0.0150227 0.0219068 -0.0349264 -0.0538903 0.00236132 -0.0501929
internal_weight=3373.01 2319.72 2100.32 1053.29 695.25 358.044 219.402
internal_count=24420 11203 9895 13217 10247 2970 1308
cat_boundaries=0 1 2
cat_threshold=4 1544
is_linear=0
shrinkage=0.08


Tree=24
num_leaves=8
num_cat=1
split_feature=0 2 1 7 1 2 3
split_gain=257.543 157.671 122.18 76.3829 46.9965 31.3056 25.9616
threshold=33.500000000000007 34.500000000000007 7.5000000000000009 0 11.500000000000002 40.500000000000007 7073.5000000000009
decision_type=2 2 2 9 2 2 2
left_child=3 6 -3 5 -5 -1 -2
right_child=1 2 -4 4 -6 -7 -8
leaf_value=-0.074410271707513284 -0.051022351728393811 -0.044304030319355495 0.026344953345047641 -0.030382147514884973 0.020925751799287694 -0.026439489597840753 0.10366125428075655
leaf_weight=315.87409563362598 242.2062071710825 170.35830988362432 1948.8423376008868 362.8492536097765 166.76809795573354 120.19601890072227 7.1491785943508139
leaf_count=5763 1771 1303 11387 2097 733 1323 43
internal_value=-0.000611481 0.0135854 0.0206656 -0.0354324 -0.0139625 -0.0598162 -0.0465875
internal_weight=3334.24 2368.56 2119.2 965.687 529.617 436.07 249.355
internal_count=24420 14504 12690 9916 2830 7086 1814
cat_boundaries=0 1
cat_threshold=49
is_linear=0
shrinkage=0.08


Tree=25
num_leaves=8
num_cat=1
split_feature=0 3 8 0 3 2 0
split_gain=230.033 164.607 133.794 31.9528 18.7041 2.00654 1.31574
threshold=28.500000000000004 7073.5000000000009 0 23.500000000000004 7073.5000000000009 54.500000000000007 60.500000000000007
decision_type=2 2 9 2 2 2 2
left_child=3 2 -2 5 -5 -1 -3
right_child=1 6 -4 4 -6 -7 -8
leaf_value=-0.080253984619449117 0.014745869370053424 0.094914050045951798 -0.024899055614981014 -0.038788554935820597 0.096079607849534593 -0.040475253951124682 0.071043892096461961
leaf_weight=171.41314518079162 1937.1392193473876 125.12228110432625 746.79108311980963 295.21628947556019 6.7311507016420355 8.5190476626157743 16.758173599839211
leaf_count=3470 10511 894 6216 3067 36 115 111
internal_value=-0.000595697 0.00811636 0.00367702 -0.0516845 -0.035782 -0.0783706 0.0920946
internal_weight=3307.69 2825.81 2683.93 481.88 301.947 179.932 141.88
internal_count=24420 17732 16727 6688 3103 3585 1005
cat_boundaries=0 1
cat_threshold=15884
is_linear=0
shrinkage=0.08


Tree=26
num_leaves=8
num_cat=1
split_feature=7 3 1 1 1 3 0
split_gain=219.773 122.615 115.748 101.371 41.7814 36.7257 2.93464
threshold=0 5095.5000000000009 8.5000000000000018 12.500000000000002 14.500000000000002 7792.0000000000009 69.500000000000014
decision_type=9 2 2 2 2 2 2
left_child=1 2 -1 5 -5 -2 -3
right_child=3 6 -4 4 -6 -7 -8
leaf_value=-0.049076237060078041 -0.054562910013289667 0.093453212872837685 0.014650575778833099 -0.0076164495335624242 0.081335457817033718 0.071706880933547948 0.0075804311720635252
leaf_weight=201.05995147675276 615.16296476498246 118.05277998000383 1966.5739149898291 320.12330646067858 37.783747620880604 15.103770330548285 2.6031285077333441
leaf_count=1276 10405 878 9031 2503 217 92 18
internal_value=-0.000564866 0.0130516 0.00873956 -0.0319053 0.00177408 -0.051537 0.0916005
internal_weight=3276.46 2288.29 2167.63 988.174 357.907 630.267 120.656
internal_count=24420 11203 10307 13217 2720 10497 896
cat_boundaries=0 1
cat_threshold=4
is_linear=0
shrinkage=0.08


Tree=27
num_leaves=8
num_cat=1
split_feature=0 2 1 2 7 1 1
split_gain=201.624 132.294 83.8927 82.9266 45.33 26.2246 21.8639
threshold=36.500000000000007 34.500000000000007 7.5000000000000009 41.500000000000007 0 11.500000000000002 11.500000000000002
decision_type=2 2 2 2 9 2 2
left_child=3 6 -3 4 -1 -5 -2
right_child=1 2 -4 5 -6 -7 -8
leaf_value=-0.064759379672912495 -0.061196510658579666 -0.036509425215277891 0.027028960186005077 -0.015883534855713196 -0.023641236775924255 0.023451279566066269 -0.0075774157127974874
leaf_weight=327.17899390682578 148.46271950006485 144.52123411744833 1667.3906204067171 250.5824320577085 437.57410379871726 191.28112759068608 72.408665083348751
leaf_count=6397 1264 1161 9738 1979 2417 1073 391
internal_value=-0.000541359 0.0148355 0.021961 -0.0264467 -0.0423885 0.00114436 -0.0436185
internal_weight=3239.4 2032.78 1811.91 1206.62 764.753 441.864 220.871
internal_count=24420 12554 10899 11866 8814 3052 1655
cat_boundaries=0 1
cat_threshold=49
is_linear=0
shrinkage=0.08


Tree=28
num_leaves=8
num_cat=0
split_feature=0 3 2 0 2 2 0
split_gain=180.295 141.96 120.378 22.3082 10.6659 2.07104 1.466
threshold=27.500000000000004 7073.5000000000009 41.500000000000007 23.500000000000004 34.500000000000007 47.500000000000007 60.500000000000007
decision_type=2 2 2 2 2 2 2
left_child=3 2 -2 5 -5 -1 -3
right_child=1 6 -4 4 -6 -7 -8
leaf_value=-0.079648295393678681 -0.010804773006089948 0.092006930374039939 0.023831278057995509 -0.089203498482203367 -0.030333765948252499 -0.050116977841734932 0.065535032038320173
leaf_weight=138.0592043325305 1686.2770559638739 112.01884102076292 1037.2069154493511 21.981768567115068 189.47001158073545 17.078768353909254 15.206336989998816
leaf_count=3321 11776 907 5595 332 2114 264 111
internal_value=-0.00054677 0.00624448 0.00238596 -0.0533575 -0.0364537 -0.0763973 0.0888429
internal_weight=3217.3 2850.71 2723.48 366.59 211.452 155.138 127.225
internal_count=24420 18389 17371 6031 2446 3585 1018
is_linear=0
shrinkage=0.08


Tree=29
num_leaves=8
num_cat=2
split_feature=7 8 2 2 3 3 0
split_gain=173.992 112.253 81.8811 63.9157 40.3137 38.1577 27.921
threshold=0 1 44.500000000000007 37.500000000000007 4668.5000000000009 5095.5000000000009 29.500000000000004
decision_type=9 9 2 2 2 2 2
left_child=2 5 4 -3 -1 -2 -4
right_child=1 3 6 -5 -6 -7 -8
leaf_value=-0.053405892980174667 0.02702355427007699 -0.048032933293335613 -0.041675829512695862 0.0025303387885007396 0.053427357230855843 0.090108669471601302 0.018264373789077623
leaf_weight=548.26092660054564 937.26607392728329 185.66821375489235 65.139417607337236 1157.2838507406414 23.577970050275326 65.662141412496567 210.33452805876732
leaf_count=9491 4257 1240 881 6220 148 576 1607
internal_value=-0.000513169 0.01072 -0.0313698 -0.00442726 -0.049001 0.0308462 0.00409073
internal_weight=3193.19 2345.88 847.313 1342.95 571.839 1002.93 275.474
internal_count=24420 12293 12127 7460 9639 4833 2488
cat_boundaries=0 1 2
cat_threshold=49 4617
is_linear=0
shrinkage=0.08


end of trees

feature_importances:
capital-gain=64
education-num=39
age=34
hours-per-week=28
marital-status=27
occupation=18

parameters:
[boosting: gbdt]
[objective: binary]
[metric: binary_logloss]
[tree_learner: serial]
[device_type: cpu]
[data_sample_strategy: bagging]
[data: ]
[valid: ]
[num_iterations: 30]
[learning_rate: 0.08]
[num_leaves: 31]
[num_threads: 8]
[seed: 42]
[deterministic: 0]
[force_col_wise: 0]
[force_row_wise: 0]
[histogram_pool_size: -1]
[max_depth: 3]
[min_data_in_leaf: 20]
[min_sum_hessian_in_leaf: 0.001]
[bagging_fraction: 1]
[pos_bagging_fraction: 1]
[neg_bagging_fraction: 1]
[bagging_freq: 0]
[bagging_seed: 400]
[bagging_by_query: 0]
[feature_fraction: 1]
[feature_fraction_bynode: 1]
[feature_fraction_seed: 30056]
[extra_trees: 0]
[extra_seed: 12879]
[early_stopping_round: 0]
[early_stopping_min_delta: 0]
[first_metric_only: 0]
[max_delta_step: 0]
[lambda_l1: 0]
[lambda_l2: 0]
[linear_lambda: 0]
[min_gain_to_split: 0]
[drop_rate: 0.1]
[max_drop: 50]
[skip_drop: 0.5]
[xgboost_dart_mode: 0]
[uniform_drop: 0]
[drop_seed: 17869]
[top_rate: 0.2]
[other_rate: 0.1]
[min_data_per_group: 100]
[max_cat_threshold: 32]
[cat_l2: 10]
[cat_smooth: 10]
[max_cat_to_onehot: 4]
[top_k: 20]
[monotone_constraints: ]
[monotone_constraints_method: basic]
[monotone_penalty: 0]
[feature_contri: ]
[forcedsplits_filename: ]
[refit_decay_rate: 0.9]
[cegb_tradeoff: 1]
[cegb_penalty_split: 0]
[cegb_penalty_feature_lazy: ]
[cegb_penalty_feature_coupled: ]
[path_smooth: 0]
[interaction_constraints: ]
[verbosity: 1]
[saved_feature_importance_type: 0]
[use_quantized_grad: 0]
[num_grad_quant_bins: 4]
[quant_train_renew_leaf: 0]
[stochastic_rounding: 1]
[linear_tree: 0]
[max_bin: 255]
[max_bin_by_feature: ]
[min_data_in_bin: 3]
[bin_construct_sample_cnt: 200000]
[data_random_seed: 175]
[is_enable_sparse: 1]
[enable_bundle: 1]
[use_missing: 1]
[zero_as_missing: 0]
[feature_pre_filter: 1]
[pre_partition: 0]
[two_round: 0]
[header: 0]
[label_column: ]
[weight_column: ]
[group_column: ]
[ignore_column: ]
[categorical_feature: 5,6,7,8]
[forcedbins_filename: ]
[precise_float_parser: 0]
[parser_config_file: ]
[objective_seed: 16083]
[num_class: 1]
[is_unbalance: 0]
[scale_pos_weight: 1]
[sigmoid: 1]
[boost_from_average: 1]
[reg_sqrt: 0]
[alpha: 0.9]
[fair_c: 1]
[poisson_max_delta_step: 0.7]
[tweedie_variance_power: 1.5]
[lambdarank_truncation_level: 30]
[lambdarank_norm: 1]
[label_gain: ]
[lambdarank_position_bias_regularization: 0]
[eval_at: ]
[multi_error_top_k: 1]
[auc_mu_weights: ]
[num_machines: 1]
[local_listen_port: 12400]
[time_out: 120]
[machine_list_filename: ]
[machines: ]
[gpu_platform_id: -1]
[gpu_device_id: -1]
[gpu_use_dp: 0]
[num_gpu: 1]

end of parameters

pandas_categorical:[["Federal-gov", "Local-gov", "Never-worked", "Private", "Self-emp-inc", "Self-emp-not-inc", "State-gov", "Without-pay"], ["10th", "11th", "12th", "1st-4th", "5th-6th", "7th-8th", "9th", "Assoc-acdm", "Assoc-voc", "Bachelors", "Doctorate", "HS-grad", "Masters", "Preschool", "Prof-school", "Some-college"], ["Divorced", "Married-AF-spouse", "Married-civ-spouse", "Married-spouse-absent", "Never-married", "Separated", "Widowed"], ["Adm-clerical", "Armed-Forces", "Craft-repair", "Exec-managerial", "Farming-fishing", "Handlers-cleaners", "Machine-op-inspct", "Other-service", "Priv-house-serv", "Prof-specialty", "Protective-serv", "Sales", "Tech-support", "Transport-moving"]]
